RAINFALL

Projection:
EPSG: 31370

unit: 
mm/hr

Raingauge polygon:
1,,"REGION=6,153360.915701988,209505.446319415,151802.285794372,211616.29202599,156120.604690656,213384.953095882,157869.79905,213593.988170746,157869.79905,207464.124812,156540.015920953,207464.124812,153360.915701988,209505.446319415;"
2,,"REGION=5,151802.285794372,211616.29202599,153360.915701988,209505.446319415,146805.251008,208686.480371885,146805.251008,214486.001074995,147843.501809681,214055.723646586,151802.285794372,211616.29202599;"
3,,"REGION=3,156120.604690656,213384.953095882,151802.285794372,211616.29202599,147843.501809681,214055.723646586,156120.604690656,213384.953095882;"
4,,"REGION=6,156120.604690656,213384.953095882,147843.501809681,214055.723646586,146805.251008,214486.001074995,146805.251008,216428.602829,157869.79905,216428.602829,157869.79905,213593.988170746,156120.604690656,213384.953095882;"
5,,"REGION=4,146805.251008,208686.480371885,153360.915701988,209505.446319415,156540.015920953,207464.124812,146805.251008,207464.124812,146805.251008,208686.480371885;"

Radar grid:
1,,"REGION=4,144466.418195,230181.794839,145466.418195,230181.794839,145466.418195,229181.794839,144466.418195,229181.794839,144466.418195,230181.794839;"
2,,"REGION=4,145466.418195,230181.794839,146466.418195,230181.794839,146466.418195,229181.794839,145466.418195,229181.794839,145466.418195,230181.794839;"
3,,"REGION=4,146466.418195,230181.794839,147466.418195,230181.794839,147466.418195,229181.794839,146466.418195,229181.794839,146466.418195,230181.794839;"
4,,"REGION=4,147466.418195,230181.794839,148466.418195,230181.794839,148466.418195,229181.794839,147466.418195,229181.794839,147466.418195,230181.794839;"
5,,"REGION=4,148466.418195,230181.794839,149466.418195,230181.794839,149466.418195,229181.794839,148466.418195,229181.794839,148466.418195,230181.794839;"
6,,"REGION=4,149466.418195,230181.794839,150466.418195,230181.794839,150466.418195,229181.794839,149466.418195,229181.794839,149466.418195,230181.794839;"
7,,"REGION=4,150466.418195,230181.794839,151466.418195,230181.794839,151466.418195,229181.794839,150466.418195,229181.794839,150466.418195,230181.794839;"
8,,"REGION=4,151466.418195,230181.794839,152466.418195,230181.794839,152466.418195,229181.794839,151466.418195,229181.794839,151466.418195,230181.794839;"
9,,"REGION=4,152466.418195,230181.794839,153466.418195,230181.794839,153466.418195,229181.794839,152466.418195,229181.794839,152466.418195,230181.794839;"
10,,"REGION=4,153466.418195,230181.794839,154466.418195,230181.794839,154466.418195,229181.794839,153466.418195,229181.794839,153466.418195,230181.794839;"
11,,"REGION=4,154466.418195,230181.794839,155466.418195,230181.794839,155466.418195,229181.794839,154466.418195,229181.794839,154466.418195,230181.794839;"
12,,"REGION=4,155466.418195,230181.794839,156466.418195,230181.794839,156466.418195,229181.794839,155466.418195,229181.794839,155466.418195,230181.794839;"
13,,"REGION=4,156466.418195,230181.794839,157466.418195,230181.794839,157466.418195,229181.794839,156466.418195,229181.794839,156466.418195,230181.794839;"
14,,"REGION=4,157466.418195,230181.794839,158466.418195,230181.794839,158466.418195,229181.794839,157466.418195,229181.794839,157466.418195,230181.794839;"
15,,"REGION=4,158466.418195,230181.794839,159466.418195,230181.794839,159466.418195,229181.794839,158466.418195,229181.794839,158466.418195,230181.794839;"
16,,"REGION=4,159466.418195,230181.794839,160466.418195,230181.794839,160466.418195,229181.794839,159466.418195,229181.794839,159466.418195,230181.794839;"
17,,"REGION=4,144466.418195,229181.794839,145466.418195,229181.794839,145466.418195,228181.794839,144466.418195,228181.794839,144466.418195,229181.794839;"
18,,"REGION=4,145466.418195,229181.794839,146466.418195,229181.794839,146466.418195,228181.794839,145466.418195,228181.794839,145466.418195,229181.794839;"
19,,"REGION=4,146466.418195,229181.794839,147466.418195,229181.794839,147466.418195,228181.794839,146466.418195,228181.794839,146466.418195,229181.794839;"
20,,"REGION=4,147466.418195,229181.794839,148466.418195,229181.794839,148466.418195,228181.794839,147466.418195,228181.794839,147466.418195,229181.794839;"
21,,"REGION=4,148466.418195,229181.794839,149466.418195,229181.794839,149466.418195,228181.794839,148466.418195,228181.794839,148466.418195,229181.794839;"
22,,"REGION=4,149466.418195,229181.794839,150466.418195,229181.794839,150466.418195,228181.794839,149466.418195,228181.794839,149466.418195,229181.794839;"
23,,"REGION=4,150466.418195,229181.794839,151466.418195,229181.794839,151466.418195,228181.794839,150466.418195,228181.794839,150466.418195,229181.794839;"
24,,"REGION=4,151466.418195,229181.794839,152466.418195,229181.794839,152466.418195,228181.794839,151466.418195,228181.794839,151466.418195,229181.794839;"
25,,"REGION=4,152466.418195,229181.794839,153466.418195,229181.794839,153466.418195,228181.794839,152466.418195,228181.794839,152466.418195,229181.794839;"
26,,"REGION=4,153466.418195,229181.794839,154466.418195,229181.794839,154466.418195,228181.794839,153466.418195,228181.794839,153466.418195,229181.794839;"
27,,"REGION=4,154466.418195,229181.794839,155466.418195,229181.794839,155466.418195,228181.794839,154466.418195,228181.794839,154466.418195,229181.794839;"
28,,"REGION=4,155466.418195,229181.794839,156466.418195,229181.794839,156466.418195,228181.794839,155466.418195,228181.794839,155466.418195,229181.794839;"
29,,"REGION=4,156466.418195,229181.794839,157466.418195,229181.794839,157466.418195,228181.794839,156466.418195,228181.794839,156466.418195,229181.794839;"
30,,"REGION=4,157466.418195,229181.794839,158466.418195,229181.794839,158466.418195,228181.794839,157466.418195,228181.794839,157466.418195,229181.794839;"
31,,"REGION=4,158466.418195,229181.794839,159466.418195,229181.794839,159466.418195,228181.794839,158466.418195,228181.794839,158466.418195,229181.794839;"
32,,"REGION=4,159466.418195,229181.794839,160466.418195,229181.794839,160466.418195,228181.794839,159466.418195,228181.794839,159466.418195,229181.794839;"
33,,"REGION=4,144466.418195,228181.794839,145466.418195,228181.794839,145466.418195,227181.794839,144466.418195,227181.794839,144466.418195,228181.794839;"
34,,"REGION=4,145466.418195,228181.794839,146466.418195,228181.794839,146466.418195,227181.794839,145466.418195,227181.794839,145466.418195,228181.794839;"
35,,"REGION=4,146466.418195,228181.794839,147466.418195,228181.794839,147466.418195,227181.794839,146466.418195,227181.794839,146466.418195,228181.794839;"
36,,"REGION=4,147466.418195,228181.794839,148466.418195,228181.794839,148466.418195,227181.794839,147466.418195,227181.794839,147466.418195,228181.794839;"
37,,"REGION=4,148466.418195,228181.794839,149466.418195,228181.794839,149466.418195,227181.794839,148466.418195,227181.794839,148466.418195,228181.794839;"
38,,"REGION=4,149466.418195,228181.794839,150466.418195,228181.794839,150466.418195,227181.794839,149466.418195,227181.794839,149466.418195,228181.794839;"
39,,"REGION=4,150466.418195,228181.794839,151466.418195,228181.794839,151466.418195,227181.794839,150466.418195,227181.794839,150466.418195,228181.794839;"
40,,"REGION=4,151466.418195,228181.794839,152466.418195,228181.794839,152466.418195,227181.794839,151466.418195,227181.794839,151466.418195,228181.794839;"
41,,"REGION=4,152466.418195,228181.794839,153466.418195,228181.794839,153466.418195,227181.794839,152466.418195,227181.794839,152466.418195,228181.794839;"
42,,"REGION=4,153466.418195,228181.794839,154466.418195,228181.794839,154466.418195,227181.794839,153466.418195,227181.794839,153466.418195,228181.794839;"
43,,"REGION=4,154466.418195,228181.794839,155466.418195,228181.794839,155466.418195,227181.794839,154466.418195,227181.794839,154466.418195,228181.794839;"
44,,"REGION=4,155466.418195,228181.794839,156466.418195,228181.794839,156466.418195,227181.794839,155466.418195,227181.794839,155466.418195,228181.794839;"
45,,"REGION=4,156466.418195,228181.794839,157466.418195,228181.794839,157466.418195,227181.794839,156466.418195,227181.794839,156466.418195,228181.794839;"
46,,"REGION=4,157466.418195,228181.794839,158466.418195,228181.794839,158466.418195,227181.794839,157466.418195,227181.794839,157466.418195,228181.794839;"
47,,"REGION=4,158466.418195,228181.794839,159466.418195,228181.794839,159466.418195,227181.794839,158466.418195,227181.794839,158466.418195,228181.794839;"
48,,"REGION=4,159466.418195,228181.794839,160466.418195,228181.794839,160466.418195,227181.794839,159466.418195,227181.794839,159466.418195,228181.794839;"
49,,"REGION=4,144466.418195,227181.794839,145466.418195,227181.794839,145466.418195,226181.794839,144466.418195,226181.794839,144466.418195,227181.794839;"
50,,"REGION=4,145466.418195,227181.794839,146466.418195,227181.794839,146466.418195,226181.794839,145466.418195,226181.794839,145466.418195,227181.794839;"
51,,"REGION=4,146466.418195,227181.794839,147466.418195,227181.794839,147466.418195,226181.794839,146466.418195,226181.794839,146466.418195,227181.794839;"
52,,"REGION=4,147466.418195,227181.794839,148466.418195,227181.794839,148466.418195,226181.794839,147466.418195,226181.794839,147466.418195,227181.794839;"
53,,"REGION=4,148466.418195,227181.794839,149466.418195,227181.794839,149466.418195,226181.794839,148466.418195,226181.794839,148466.418195,227181.794839;"
54,,"REGION=4,149466.418195,227181.794839,150466.418195,227181.794839,150466.418195,226181.794839,149466.418195,226181.794839,149466.418195,227181.794839;"
55,,"REGION=4,150466.418195,227181.794839,151466.418195,227181.794839,151466.418195,226181.794839,150466.418195,226181.794839,150466.418195,227181.794839;"
56,,"REGION=4,151466.418195,227181.794839,152466.418195,227181.794839,152466.418195,226181.794839,151466.418195,226181.794839,151466.418195,227181.794839;"
57,,"REGION=4,152466.418195,227181.794839,153466.418195,227181.794839,153466.418195,226181.794839,152466.418195,226181.794839,152466.418195,227181.794839;"
58,,"REGION=4,153466.418195,227181.794839,154466.418195,227181.794839,154466.418195,226181.794839,153466.418195,226181.794839,153466.418195,227181.794839;"
59,,"REGION=4,154466.418195,227181.794839,155466.418195,227181.794839,155466.418195,226181.794839,154466.418195,226181.794839,154466.418195,227181.794839;"
60,,"REGION=4,155466.418195,227181.794839,156466.418195,227181.794839,156466.418195,226181.794839,155466.418195,226181.794839,155466.418195,227181.794839;"
61,,"REGION=4,156466.418195,227181.794839,157466.418195,227181.794839,157466.418195,226181.794839,156466.418195,226181.794839,156466.418195,227181.794839;"
62,,"REGION=4,157466.418195,227181.794839,158466.418195,227181.794839,158466.418195,226181.794839,157466.418195,226181.794839,157466.418195,227181.794839;"
63,,"REGION=4,158466.418195,227181.794839,159466.418195,227181.794839,159466.418195,226181.794839,158466.418195,226181.794839,158466.418195,227181.794839;"
64,,"REGION=4,159466.418195,227181.794839,160466.418195,227181.794839,160466.418195,226181.794839,159466.418195,226181.794839,159466.418195,227181.794839;"
65,,"REGION=4,144466.418195,226181.794839,145466.418195,226181.794839,145466.418195,225181.794839,144466.418195,225181.794839,144466.418195,226181.794839;"
66,,"REGION=4,145466.418195,226181.794839,146466.418195,226181.794839,146466.418195,225181.794839,145466.418195,225181.794839,145466.418195,226181.794839;"
67,,"REGION=4,146466.418195,226181.794839,147466.418195,226181.794839,147466.418195,225181.794839,146466.418195,225181.794839,146466.418195,226181.794839;"
68,,"REGION=4,147466.418195,226181.794839,148466.418195,226181.794839,148466.418195,225181.794839,147466.418195,225181.794839,147466.418195,226181.794839;"
69,,"REGION=4,148466.418195,226181.794839,149466.418195,226181.794839,149466.418195,225181.794839,148466.418195,225181.794839,148466.418195,226181.794839;"
70,,"REGION=4,149466.418195,226181.794839,150466.418195,226181.794839,150466.418195,225181.794839,149466.418195,225181.794839,149466.418195,226181.794839;"
71,,"REGION=4,150466.418195,226181.794839,151466.418195,226181.794839,151466.418195,225181.794839,150466.418195,225181.794839,150466.418195,226181.794839;"
72,,"REGION=4,151466.418195,226181.794839,152466.418195,226181.794839,152466.418195,225181.794839,151466.418195,225181.794839,151466.418195,226181.794839;"
73,,"REGION=4,152466.418195,226181.794839,153466.418195,226181.794839,153466.418195,225181.794839,152466.418195,225181.794839,152466.418195,226181.794839;"
74,,"REGION=4,153466.418195,226181.794839,154466.418195,226181.794839,154466.418195,225181.794839,153466.418195,225181.794839,153466.418195,226181.794839;"
75,,"REGION=4,154466.418195,226181.794839,155466.418195,226181.794839,155466.418195,225181.794839,154466.418195,225181.794839,154466.418195,226181.794839;"
76,,"REGION=4,155466.418195,226181.794839,156466.418195,226181.794839,156466.418195,225181.794839,155466.418195,225181.794839,155466.418195,226181.794839;"
77,,"REGION=4,156466.418195,226181.794839,157466.418195,226181.794839,157466.418195,225181.794839,156466.418195,225181.794839,156466.418195,226181.794839;"
78,,"REGION=4,157466.418195,226181.794839,158466.418195,226181.794839,158466.418195,225181.794839,157466.418195,225181.794839,157466.418195,226181.794839;"
79,,"REGION=4,158466.418195,226181.794839,159466.418195,226181.794839,159466.418195,225181.794839,158466.418195,225181.794839,158466.418195,226181.794839;"
80,,"REGION=4,159466.418195,226181.794839,160466.418195,226181.794839,160466.418195,225181.794839,159466.418195,225181.794839,159466.418195,226181.794839;"
81,,"REGION=4,144466.418195,225181.794839,145466.418195,225181.794839,145466.418195,224181.794839,144466.418195,224181.794839,144466.418195,225181.794839;"
82,,"REGION=4,145466.418195,225181.794839,146466.418195,225181.794839,146466.418195,224181.794839,145466.418195,224181.794839,145466.418195,225181.794839;"
83,,"REGION=4,146466.418195,225181.794839,147466.418195,225181.794839,147466.418195,224181.794839,146466.418195,224181.794839,146466.418195,225181.794839;"
84,,"REGION=4,147466.418195,225181.794839,148466.418195,225181.794839,148466.418195,224181.794839,147466.418195,224181.794839,147466.418195,225181.794839;"
85,,"REGION=4,148466.418195,225181.794839,149466.418195,225181.794839,149466.418195,224181.794839,148466.418195,224181.794839,148466.418195,225181.794839;"
86,,"REGION=4,149466.418195,225181.794839,150466.418195,225181.794839,150466.418195,224181.794839,149466.418195,224181.794839,149466.418195,225181.794839;"
87,,"REGION=4,150466.418195,225181.794839,151466.418195,225181.794839,151466.418195,224181.794839,150466.418195,224181.794839,150466.418195,225181.794839;"
88,,"REGION=4,151466.418195,225181.794839,152466.418195,225181.794839,152466.418195,224181.794839,151466.418195,224181.794839,151466.418195,225181.794839;"
89,,"REGION=4,152466.418195,225181.794839,153466.418195,225181.794839,153466.418195,224181.794839,152466.418195,224181.794839,152466.418195,225181.794839;"
90,,"REGION=4,153466.418195,225181.794839,154466.418195,225181.794839,154466.418195,224181.794839,153466.418195,224181.794839,153466.418195,225181.794839;"
91,,"REGION=4,154466.418195,225181.794839,155466.418195,225181.794839,155466.418195,224181.794839,154466.418195,224181.794839,154466.418195,225181.794839;"
92,,"REGION=4,155466.418195,225181.794839,156466.418195,225181.794839,156466.418195,224181.794839,155466.418195,224181.794839,155466.418195,225181.794839;"
93,,"REGION=4,156466.418195,225181.794839,157466.418195,225181.794839,157466.418195,224181.794839,156466.418195,224181.794839,156466.418195,225181.794839;"
94,,"REGION=4,157466.418195,225181.794839,158466.418195,225181.794839,158466.418195,224181.794839,157466.418195,224181.794839,157466.418195,225181.794839;"
95,,"REGION=4,158466.418195,225181.794839,159466.418195,225181.794839,159466.418195,224181.794839,158466.418195,224181.794839,158466.418195,225181.794839;"
96,,"REGION=4,159466.418195,225181.794839,160466.418195,225181.794839,160466.418195,224181.794839,159466.418195,224181.794839,159466.418195,225181.794839;"
97,,"REGION=4,144466.418195,224181.794839,145466.418195,224181.794839,145466.418195,223181.794839,144466.418195,223181.794839,144466.418195,224181.794839;"
98,,"REGION=4,145466.418195,224181.794839,146466.418195,224181.794839,146466.418195,223181.794839,145466.418195,223181.794839,145466.418195,224181.794839;"
99,,"REGION=4,146466.418195,224181.794839,147466.418195,224181.794839,147466.418195,223181.794839,146466.418195,223181.794839,146466.418195,224181.794839;"
100,,"REGION=4,147466.418195,224181.794839,148466.418195,224181.794839,148466.418195,223181.794839,147466.418195,223181.794839,147466.418195,224181.794839;"
101,,"REGION=4,148466.418195,224181.794839,149466.418195,224181.794839,149466.418195,223181.794839,148466.418195,223181.794839,148466.418195,224181.794839;"
102,,"REGION=4,149466.418195,224181.794839,150466.418195,224181.794839,150466.418195,223181.794839,149466.418195,223181.794839,149466.418195,224181.794839;"
103,,"REGION=4,150466.418195,224181.794839,151466.418195,224181.794839,151466.418195,223181.794839,150466.418195,223181.794839,150466.418195,224181.794839;"
104,,"REGION=4,151466.418195,224181.794839,152466.418195,224181.794839,152466.418195,223181.794839,151466.418195,223181.794839,151466.418195,224181.794839;"
105,,"REGION=4,152466.418195,224181.794839,153466.418195,224181.794839,153466.418195,223181.794839,152466.418195,223181.794839,152466.418195,224181.794839;"
106,,"REGION=4,153466.418195,224181.794839,154466.418195,224181.794839,154466.418195,223181.794839,153466.418195,223181.794839,153466.418195,224181.794839;"
107,,"REGION=4,154466.418195,224181.794839,155466.418195,224181.794839,155466.418195,223181.794839,154466.418195,223181.794839,154466.418195,224181.794839;"
108,,"REGION=4,155466.418195,224181.794839,156466.418195,224181.794839,156466.418195,223181.794839,155466.418195,223181.794839,155466.418195,224181.794839;"
109,,"REGION=4,156466.418195,224181.794839,157466.418195,224181.794839,157466.418195,223181.794839,156466.418195,223181.794839,156466.418195,224181.794839;"
110,,"REGION=4,157466.418195,224181.794839,158466.418195,224181.794839,158466.418195,223181.794839,157466.418195,223181.794839,157466.418195,224181.794839;"
111,,"REGION=4,158466.418195,224181.794839,159466.418195,224181.794839,159466.418195,223181.794839,158466.418195,223181.794839,158466.418195,224181.794839;"
112,,"REGION=4,159466.418195,224181.794839,160466.418195,224181.794839,160466.418195,223181.794839,159466.418195,223181.794839,159466.418195,224181.794839;"
113,,"REGION=4,144466.418195,223181.794839,145466.418195,223181.794839,145466.418195,222181.794839,144466.418195,222181.794839,144466.418195,223181.794839;"
114,,"REGION=4,145466.418195,223181.794839,146466.418195,223181.794839,146466.418195,222181.794839,145466.418195,222181.794839,145466.418195,223181.794839;"
115,,"REGION=4,146466.418195,223181.794839,147466.418195,223181.794839,147466.418195,222181.794839,146466.418195,222181.794839,146466.418195,223181.794839;"
116,,"REGION=4,147466.418195,223181.794839,148466.418195,223181.794839,148466.418195,222181.794839,147466.418195,222181.794839,147466.418195,223181.794839;"
117,,"REGION=4,148466.418195,223181.794839,149466.418195,223181.794839,149466.418195,222181.794839,148466.418195,222181.794839,148466.418195,223181.794839;"
118,,"REGION=4,149466.418195,223181.794839,150466.418195,223181.794839,150466.418195,222181.794839,149466.418195,222181.794839,149466.418195,223181.794839;"
119,,"REGION=4,150466.418195,223181.794839,151466.418195,223181.794839,151466.418195,222181.794839,150466.418195,222181.794839,150466.418195,223181.794839;"
120,,"REGION=4,151466.418195,223181.794839,152466.418195,223181.794839,152466.418195,222181.794839,151466.418195,222181.794839,151466.418195,223181.794839;"
121,,"REGION=4,152466.418195,223181.794839,153466.418195,223181.794839,153466.418195,222181.794839,152466.418195,222181.794839,152466.418195,223181.794839;"
122,,"REGION=4,153466.418195,223181.794839,154466.418195,223181.794839,154466.418195,222181.794839,153466.418195,222181.794839,153466.418195,223181.794839;"
123,,"REGION=4,154466.418195,223181.794839,155466.418195,223181.794839,155466.418195,222181.794839,154466.418195,222181.794839,154466.418195,223181.794839;"
124,,"REGION=4,155466.418195,223181.794839,156466.418195,223181.794839,156466.418195,222181.794839,155466.418195,222181.794839,155466.418195,223181.794839;"
125,,"REGION=4,156466.418195,223181.794839,157466.418195,223181.794839,157466.418195,222181.794839,156466.418195,222181.794839,156466.418195,223181.794839;"
126,,"REGION=4,157466.418195,223181.794839,158466.418195,223181.794839,158466.418195,222181.794839,157466.418195,222181.794839,157466.418195,223181.794839;"
127,,"REGION=4,158466.418195,223181.794839,159466.418195,223181.794839,159466.418195,222181.794839,158466.418195,222181.794839,158466.418195,223181.794839;"
128,,"REGION=4,159466.418195,223181.794839,160466.418195,223181.794839,160466.418195,222181.794839,159466.418195,222181.794839,159466.418195,223181.794839;"
129,,"REGION=4,144466.418195,222181.794839,145466.418195,222181.794839,145466.418195,221181.794839,144466.418195,221181.794839,144466.418195,222181.794839;"
130,,"REGION=4,145466.418195,222181.794839,146466.418195,222181.794839,146466.418195,221181.794839,145466.418195,221181.794839,145466.418195,222181.794839;"
131,,"REGION=4,146466.418195,222181.794839,147466.418195,222181.794839,147466.418195,221181.794839,146466.418195,221181.794839,146466.418195,222181.794839;"
132,,"REGION=4,147466.418195,222181.794839,148466.418195,222181.794839,148466.418195,221181.794839,147466.418195,221181.794839,147466.418195,222181.794839;"
133,,"REGION=4,148466.418195,222181.794839,149466.418195,222181.794839,149466.418195,221181.794839,148466.418195,221181.794839,148466.418195,222181.794839;"
134,,"REGION=4,149466.418195,222181.794839,150466.418195,222181.794839,150466.418195,221181.794839,149466.418195,221181.794839,149466.418195,222181.794839;"
135,,"REGION=4,150466.418195,222181.794839,151466.418195,222181.794839,151466.418195,221181.794839,150466.418195,221181.794839,150466.418195,222181.794839;"
136,,"REGION=4,151466.418195,222181.794839,152466.418195,222181.794839,152466.418195,221181.794839,151466.418195,221181.794839,151466.418195,222181.794839;"
137,,"REGION=4,152466.418195,222181.794839,153466.418195,222181.794839,153466.418195,221181.794839,152466.418195,221181.794839,152466.418195,222181.794839;"
138,,"REGION=4,153466.418195,222181.794839,154466.418195,222181.794839,154466.418195,221181.794839,153466.418195,221181.794839,153466.418195,222181.794839;"
139,,"REGION=4,154466.418195,222181.794839,155466.418195,222181.794839,155466.418195,221181.794839,154466.418195,221181.794839,154466.418195,222181.794839;"
140,,"REGION=4,155466.418195,222181.794839,156466.418195,222181.794839,156466.418195,221181.794839,155466.418195,221181.794839,155466.418195,222181.794839;"
141,,"REGION=4,156466.418195,222181.794839,157466.418195,222181.794839,157466.418195,221181.794839,156466.418195,221181.794839,156466.418195,222181.794839;"
142,,"REGION=4,157466.418195,222181.794839,158466.418195,222181.794839,158466.418195,221181.794839,157466.418195,221181.794839,157466.418195,222181.794839;"
143,,"REGION=4,158466.418195,222181.794839,159466.418195,222181.794839,159466.418195,221181.794839,158466.418195,221181.794839,158466.418195,222181.794839;"
144,,"REGION=4,159466.418195,222181.794839,160466.418195,222181.794839,160466.418195,221181.794839,159466.418195,221181.794839,159466.418195,222181.794839;"
145,,"REGION=4,144466.418195,221181.794839,145466.418195,221181.794839,145466.418195,220181.794839,144466.418195,220181.794839,144466.418195,221181.794839;"
146,,"REGION=4,145466.418195,221181.794839,146466.418195,221181.794839,146466.418195,220181.794839,145466.418195,220181.794839,145466.418195,221181.794839;"
147,,"REGION=4,146466.418195,221181.794839,147466.418195,221181.794839,147466.418195,220181.794839,146466.418195,220181.794839,146466.418195,221181.794839;"
148,,"REGION=4,147466.418195,221181.794839,148466.418195,221181.794839,148466.418195,220181.794839,147466.418195,220181.794839,147466.418195,221181.794839;"
149,,"REGION=4,148466.418195,221181.794839,149466.418195,221181.794839,149466.418195,220181.794839,148466.418195,220181.794839,148466.418195,221181.794839;"
150,,"REGION=4,149466.418195,221181.794839,150466.418195,221181.794839,150466.418195,220181.794839,149466.418195,220181.794839,149466.418195,221181.794839;"
151,,"REGION=4,150466.418195,221181.794839,151466.418195,221181.794839,151466.418195,220181.794839,150466.418195,220181.794839,150466.418195,221181.794839;"
152,,"REGION=4,151466.418195,221181.794839,152466.418195,221181.794839,152466.418195,220181.794839,151466.418195,220181.794839,151466.418195,221181.794839;"
153,,"REGION=4,152466.418195,221181.794839,153466.418195,221181.794839,153466.418195,220181.794839,152466.418195,220181.794839,152466.418195,221181.794839;"
154,,"REGION=4,153466.418195,221181.794839,154466.418195,221181.794839,154466.418195,220181.794839,153466.418195,220181.794839,153466.418195,221181.794839;"
155,,"REGION=4,154466.418195,221181.794839,155466.418195,221181.794839,155466.418195,220181.794839,154466.418195,220181.794839,154466.418195,221181.794839;"
156,,"REGION=4,155466.418195,221181.794839,156466.418195,221181.794839,156466.418195,220181.794839,155466.418195,220181.794839,155466.418195,221181.794839;"
157,,"REGION=4,156466.418195,221181.794839,157466.418195,221181.794839,157466.418195,220181.794839,156466.418195,220181.794839,156466.418195,221181.794839;"
158,,"REGION=4,157466.418195,221181.794839,158466.418195,221181.794839,158466.418195,220181.794839,157466.418195,220181.794839,157466.418195,221181.794839;"
159,,"REGION=4,158466.418195,221181.794839,159466.418195,221181.794839,159466.418195,220181.794839,158466.418195,220181.794839,158466.418195,221181.794839;"
160,,"REGION=4,159466.418195,221181.794839,160466.418195,221181.794839,160466.418195,220181.794839,159466.418195,220181.794839,159466.418195,221181.794839;"
161,,"REGION=4,144466.418195,220181.794839,145466.418195,220181.794839,145466.418195,219181.794839,144466.418195,219181.794839,144466.418195,220181.794839;"
162,,"REGION=4,145466.418195,220181.794839,146466.418195,220181.794839,146466.418195,219181.794839,145466.418195,219181.794839,145466.418195,220181.794839;"
163,,"REGION=4,146466.418195,220181.794839,147466.418195,220181.794839,147466.418195,219181.794839,146466.418195,219181.794839,146466.418195,220181.794839;"
164,,"REGION=4,147466.418195,220181.794839,148466.418195,220181.794839,148466.418195,219181.794839,147466.418195,219181.794839,147466.418195,220181.794839;"
165,,"REGION=4,148466.418195,220181.794839,149466.418195,220181.794839,149466.418195,219181.794839,148466.418195,219181.794839,148466.418195,220181.794839;"
166,,"REGION=4,149466.418195,220181.794839,150466.418195,220181.794839,150466.418195,219181.794839,149466.418195,219181.794839,149466.418195,220181.794839;"
167,,"REGION=4,150466.418195,220181.794839,151466.418195,220181.794839,151466.418195,219181.794839,150466.418195,219181.794839,150466.418195,220181.794839;"
168,,"REGION=4,151466.418195,220181.794839,152466.418195,220181.794839,152466.418195,219181.794839,151466.418195,219181.794839,151466.418195,220181.794839;"
169,,"REGION=4,152466.418195,220181.794839,153466.418195,220181.794839,153466.418195,219181.794839,152466.418195,219181.794839,152466.418195,220181.794839;"
170,,"REGION=4,153466.418195,220181.794839,154466.418195,220181.794839,154466.418195,219181.794839,153466.418195,219181.794839,153466.418195,220181.794839;"
171,,"REGION=4,154466.418195,220181.794839,155466.418195,220181.794839,155466.418195,219181.794839,154466.418195,219181.794839,154466.418195,220181.794839;"
172,,"REGION=4,155466.418195,220181.794839,156466.418195,220181.794839,156466.418195,219181.794839,155466.418195,219181.794839,155466.418195,220181.794839;"
173,,"REGION=4,156466.418195,220181.794839,157466.418195,220181.794839,157466.418195,219181.794839,156466.418195,219181.794839,156466.418195,220181.794839;"
174,,"REGION=4,157466.418195,220181.794839,158466.418195,220181.794839,158466.418195,219181.794839,157466.418195,219181.794839,157466.418195,220181.794839;"
175,,"REGION=4,158466.418195,220181.794839,159466.418195,220181.794839,159466.418195,219181.794839,158466.418195,219181.794839,158466.418195,220181.794839;"
176,,"REGION=4,159466.418195,220181.794839,160466.418195,220181.794839,160466.418195,219181.794839,159466.418195,219181.794839,159466.418195,220181.794839;"
177,,"REGION=4,144466.418195,219181.794839,145466.418195,219181.794839,145466.418195,218181.794839,144466.418195,218181.794839,144466.418195,219181.794839;"
178,,"REGION=4,145466.418195,219181.794839,146466.418195,219181.794839,146466.418195,218181.794839,145466.418195,218181.794839,145466.418195,219181.794839;"
179,,"REGION=4,146466.418195,219181.794839,147466.418195,219181.794839,147466.418195,218181.794839,146466.418195,218181.794839,146466.418195,219181.794839;"
180,,"REGION=4,147466.418195,219181.794839,148466.418195,219181.794839,148466.418195,218181.794839,147466.418195,218181.794839,147466.418195,219181.794839;"
181,,"REGION=4,148466.418195,219181.794839,149466.418195,219181.794839,149466.418195,218181.794839,148466.418195,218181.794839,148466.418195,219181.794839;"
182,,"REGION=4,149466.418195,219181.794839,150466.418195,219181.794839,150466.418195,218181.794839,149466.418195,218181.794839,149466.418195,219181.794839;"
183,,"REGION=4,150466.418195,219181.794839,151466.418195,219181.794839,151466.418195,218181.794839,150466.418195,218181.794839,150466.418195,219181.794839;"
184,,"REGION=4,151466.418195,219181.794839,152466.418195,219181.794839,152466.418195,218181.794839,151466.418195,218181.794839,151466.418195,219181.794839;"
185,,"REGION=4,152466.418195,219181.794839,153466.418195,219181.794839,153466.418195,218181.794839,152466.418195,218181.794839,152466.418195,219181.794839;"
186,,"REGION=4,153466.418195,219181.794839,154466.418195,219181.794839,154466.418195,218181.794839,153466.418195,218181.794839,153466.418195,219181.794839;"
187,,"REGION=4,154466.418195,219181.794839,155466.418195,219181.794839,155466.418195,218181.794839,154466.418195,218181.794839,154466.418195,219181.794839;"
188,,"REGION=4,155466.418195,219181.794839,156466.418195,219181.794839,156466.418195,218181.794839,155466.418195,218181.794839,155466.418195,219181.794839;"
189,,"REGION=4,156466.418195,219181.794839,157466.418195,219181.794839,157466.418195,218181.794839,156466.418195,218181.794839,156466.418195,219181.794839;"
190,,"REGION=4,157466.418195,219181.794839,158466.418195,219181.794839,158466.418195,218181.794839,157466.418195,218181.794839,157466.418195,219181.794839;"
191,,"REGION=4,158466.418195,219181.794839,159466.418195,219181.794839,159466.418195,218181.794839,158466.418195,218181.794839,158466.418195,219181.794839;"
192,,"REGION=4,159466.418195,219181.794839,160466.418195,219181.794839,160466.418195,218181.794839,159466.418195,218181.794839,159466.418195,219181.794839;"
193,,"REGION=4,144466.418195,218181.794839,145466.418195,218181.794839,145466.418195,217181.794839,144466.418195,217181.794839,144466.418195,218181.794839;"
194,,"REGION=4,145466.418195,218181.794839,146466.418195,218181.794839,146466.418195,217181.794839,145466.418195,217181.794839,145466.418195,218181.794839;"
195,,"REGION=4,146466.418195,218181.794839,147466.418195,218181.794839,147466.418195,217181.794839,146466.418195,217181.794839,146466.418195,218181.794839;"
196,,"REGION=4,147466.418195,218181.794839,148466.418195,218181.794839,148466.418195,217181.794839,147466.418195,217181.794839,147466.418195,218181.794839;"
197,,"REGION=4,148466.418195,218181.794839,149466.418195,218181.794839,149466.418195,217181.794839,148466.418195,217181.794839,148466.418195,218181.794839;"
198,,"REGION=4,149466.418195,218181.794839,150466.418195,218181.794839,150466.418195,217181.794839,149466.418195,217181.794839,149466.418195,218181.794839;"
199,,"REGION=4,150466.418195,218181.794839,151466.418195,218181.794839,151466.418195,217181.794839,150466.418195,217181.794839,150466.418195,218181.794839;"
200,,"REGION=4,151466.418195,218181.794839,152466.418195,218181.794839,152466.418195,217181.794839,151466.418195,217181.794839,151466.418195,218181.794839;"
201,,"REGION=4,152466.418195,218181.794839,153466.418195,218181.794839,153466.418195,217181.794839,152466.418195,217181.794839,152466.418195,218181.794839;"
202,,"REGION=4,153466.418195,218181.794839,154466.418195,218181.794839,154466.418195,217181.794839,153466.418195,217181.794839,153466.418195,218181.794839;"
203,,"REGION=4,154466.418195,218181.794839,155466.418195,218181.794839,155466.418195,217181.794839,154466.418195,217181.794839,154466.418195,218181.794839;"
204,,"REGION=4,155466.418195,218181.794839,156466.418195,218181.794839,156466.418195,217181.794839,155466.418195,217181.794839,155466.418195,218181.794839;"
205,,"REGION=4,156466.418195,218181.794839,157466.418195,218181.794839,157466.418195,217181.794839,156466.418195,217181.794839,156466.418195,218181.794839;"
206,,"REGION=4,157466.418195,218181.794839,158466.418195,218181.794839,158466.418195,217181.794839,157466.418195,217181.794839,157466.418195,218181.794839;"
207,,"REGION=4,158466.418195,218181.794839,159466.418195,218181.794839,159466.418195,217181.794839,158466.418195,217181.794839,158466.418195,218181.794839;"
208,,"REGION=4,159466.418195,218181.794839,160466.418195,218181.794839,160466.418195,217181.794839,159466.418195,217181.794839,159466.418195,218181.794839;"
209,,"REGION=4,144466.418195,217181.794839,145466.418195,217181.794839,145466.418195,216181.794839,144466.418195,216181.794839,144466.418195,217181.794839;"
210,,"REGION=4,145466.418195,217181.794839,146466.418195,217181.794839,146466.418195,216181.794839,145466.418195,216181.794839,145466.418195,217181.794839;"
211,,"REGION=4,146466.418195,217181.794839,147466.418195,217181.794839,147466.418195,216181.794839,146466.418195,216181.794839,146466.418195,217181.794839;"
212,,"REGION=4,147466.418195,217181.794839,148466.418195,217181.794839,148466.418195,216181.794839,147466.418195,216181.794839,147466.418195,217181.794839;"
213,,"REGION=4,148466.418195,217181.794839,149466.418195,217181.794839,149466.418195,216181.794839,148466.418195,216181.794839,148466.418195,217181.794839;"
214,,"REGION=4,149466.418195,217181.794839,150466.418195,217181.794839,150466.418195,216181.794839,149466.418195,216181.794839,149466.418195,217181.794839;"
215,,"REGION=4,150466.418195,217181.794839,151466.418195,217181.794839,151466.418195,216181.794839,150466.418195,216181.794839,150466.418195,217181.794839;"
216,,"REGION=4,151466.418195,217181.794839,152466.418195,217181.794839,152466.418195,216181.794839,151466.418195,216181.794839,151466.418195,217181.794839;"
217,,"REGION=4,152466.418195,217181.794839,153466.418195,217181.794839,153466.418195,216181.794839,152466.418195,216181.794839,152466.418195,217181.794839;"
218,,"REGION=4,153466.418195,217181.794839,154466.418195,217181.794839,154466.418195,216181.794839,153466.418195,216181.794839,153466.418195,217181.794839;"
219,,"REGION=4,154466.418195,217181.794839,155466.418195,217181.794839,155466.418195,216181.794839,154466.418195,216181.794839,154466.418195,217181.794839;"
220,,"REGION=4,155466.418195,217181.794839,156466.418195,217181.794839,156466.418195,216181.794839,155466.418195,216181.794839,155466.418195,217181.794839;"
221,,"REGION=4,156466.418195,217181.794839,157466.418195,217181.794839,157466.418195,216181.794839,156466.418195,216181.794839,156466.418195,217181.794839;"
222,,"REGION=4,157466.418195,217181.794839,158466.418195,217181.794839,158466.418195,216181.794839,157466.418195,216181.794839,157466.418195,217181.794839;"
223,,"REGION=4,158466.418195,217181.794839,159466.418195,217181.794839,159466.418195,216181.794839,158466.418195,216181.794839,158466.418195,217181.794839;"
224,,"REGION=4,159466.418195,217181.794839,160466.418195,217181.794839,160466.418195,216181.794839,159466.418195,216181.794839,159466.418195,217181.794839;"
225,,"REGION=4,144466.418195,216181.794839,145466.418195,216181.794839,145466.418195,215181.794839,144466.418195,215181.794839,144466.418195,216181.794839;"
226,,"REGION=4,145466.418195,216181.794839,146466.418195,216181.794839,146466.418195,215181.794839,145466.418195,215181.794839,145466.418195,216181.794839;"
227,,"REGION=4,146466.418195,216181.794839,147466.418195,216181.794839,147466.418195,215181.794839,146466.418195,215181.794839,146466.418195,216181.794839;"
228,,"REGION=4,147466.418195,216181.794839,148466.418195,216181.794839,148466.418195,215181.794839,147466.418195,215181.794839,147466.418195,216181.794839;"
229,,"REGION=4,148466.418195,216181.794839,149466.418195,216181.794839,149466.418195,215181.794839,148466.418195,215181.794839,148466.418195,216181.794839;"
230,,"REGION=4,149466.418195,216181.794839,150466.418195,216181.794839,150466.418195,215181.794839,149466.418195,215181.794839,149466.418195,216181.794839;"
231,,"REGION=4,150466.418195,216181.794839,151466.418195,216181.794839,151466.418195,215181.794839,150466.418195,215181.794839,150466.418195,216181.794839;"
232,,"REGION=4,151466.418195,216181.794839,152466.418195,216181.794839,152466.418195,215181.794839,151466.418195,215181.794839,151466.418195,216181.794839;"
233,,"REGION=4,152466.418195,216181.794839,153466.418195,216181.794839,153466.418195,215181.794839,152466.418195,215181.794839,152466.418195,216181.794839;"
234,,"REGION=4,153466.418195,216181.794839,154466.418195,216181.794839,154466.418195,215181.794839,153466.418195,215181.794839,153466.418195,216181.794839;"
235,,"REGION=4,154466.418195,216181.794839,155466.418195,216181.794839,155466.418195,215181.794839,154466.418195,215181.794839,154466.418195,216181.794839;"
236,,"REGION=4,155466.418195,216181.794839,156466.418195,216181.794839,156466.418195,215181.794839,155466.418195,215181.794839,155466.418195,216181.794839;"
237,,"REGION=4,156466.418195,216181.794839,157466.418195,216181.794839,157466.418195,215181.794839,156466.418195,215181.794839,156466.418195,216181.794839;"
238,,"REGION=4,157466.418195,216181.794839,158466.418195,216181.794839,158466.418195,215181.794839,157466.418195,215181.794839,157466.418195,216181.794839;"
239,,"REGION=4,158466.418195,216181.794839,159466.418195,216181.794839,159466.418195,215181.794839,158466.418195,215181.794839,158466.418195,216181.794839;"
240,,"REGION=4,159466.418195,216181.794839,160466.418195,216181.794839,160466.418195,215181.794839,159466.418195,215181.794839,159466.418195,216181.794839;"
241,,"REGION=4,144466.418195,215181.794839,145466.418195,215181.794839,145466.418195,214181.794839,144466.418195,214181.794839,144466.418195,215181.794839;"
242,,"REGION=4,145466.418195,215181.794839,146466.418195,215181.794839,146466.418195,214181.794839,145466.418195,214181.794839,145466.418195,215181.794839;"
243,,"REGION=4,146466.418195,215181.794839,147466.418195,215181.794839,147466.418195,214181.794839,146466.418195,214181.794839,146466.418195,215181.794839;"
244,,"REGION=4,147466.418195,215181.794839,148466.418195,215181.794839,148466.418195,214181.794839,147466.418195,214181.794839,147466.418195,215181.794839;"
245,,"REGION=4,148466.418195,215181.794839,149466.418195,215181.794839,149466.418195,214181.794839,148466.418195,214181.794839,148466.418195,215181.794839;"
246,,"REGION=4,149466.418195,215181.794839,150466.418195,215181.794839,150466.418195,214181.794839,149466.418195,214181.794839,149466.418195,215181.794839;"
247,,"REGION=4,150466.418195,215181.794839,151466.418195,215181.794839,151466.418195,214181.794839,150466.418195,214181.794839,150466.418195,215181.794839;"
248,,"REGION=4,151466.418195,215181.794839,152466.418195,215181.794839,152466.418195,214181.794839,151466.418195,214181.794839,151466.418195,215181.794839;"
249,,"REGION=4,152466.418195,215181.794839,153466.418195,215181.794839,153466.418195,214181.794839,152466.418195,214181.794839,152466.418195,215181.794839;"
250,,"REGION=4,153466.418195,215181.794839,154466.418195,215181.794839,154466.418195,214181.794839,153466.418195,214181.794839,153466.418195,215181.794839;"
251,,"REGION=4,154466.418195,215181.794839,155466.418195,215181.794839,155466.418195,214181.794839,154466.418195,214181.794839,154466.418195,215181.794839;"
252,,"REGION=4,155466.418195,215181.794839,156466.418195,215181.794839,156466.418195,214181.794839,155466.418195,214181.794839,155466.418195,215181.794839;"
253,,"REGION=4,156466.418195,215181.794839,157466.418195,215181.794839,157466.418195,214181.794839,156466.418195,214181.794839,156466.418195,215181.794839;"
254,,"REGION=4,157466.418195,215181.794839,158466.418195,215181.794839,158466.418195,214181.794839,157466.418195,214181.794839,157466.418195,215181.794839;"
255,,"REGION=4,158466.418195,215181.794839,159466.418195,215181.794839,159466.418195,214181.794839,158466.418195,214181.794839,158466.418195,215181.794839;"
256,,"REGION=4,159466.418195,215181.794839,160466.418195,215181.794839,160466.418195,214181.794839,159466.418195,214181.794839,159466.418195,215181.794839;"
257,,"REGION=4,144466.418195,214181.794839,145466.418195,214181.794839,145466.418195,213181.794839,144466.418195,213181.794839,144466.418195,214181.794839;"
258,,"REGION=4,145466.418195,214181.794839,146466.418195,214181.794839,146466.418195,213181.794839,145466.418195,213181.794839,145466.418195,214181.794839;"
259,,"REGION=4,146466.418195,214181.794839,147466.418195,214181.794839,147466.418195,213181.794839,146466.418195,213181.794839,146466.418195,214181.794839;"
260,,"REGION=4,147466.418195,214181.794839,148466.418195,214181.794839,148466.418195,213181.794839,147466.418195,213181.794839,147466.418195,214181.794839;"
261,,"REGION=4,148466.418195,214181.794839,149466.418195,214181.794839,149466.418195,213181.794839,148466.418195,213181.794839,148466.418195,214181.794839;"
262,,"REGION=4,149466.418195,214181.794839,150466.418195,214181.794839,150466.418195,213181.794839,149466.418195,213181.794839,149466.418195,214181.794839;"
263,,"REGION=4,150466.418195,214181.794839,151466.418195,214181.794839,151466.418195,213181.794839,150466.418195,213181.794839,150466.418195,214181.794839;"
264,,"REGION=4,151466.418195,214181.794839,152466.418195,214181.794839,152466.418195,213181.794839,151466.418195,213181.794839,151466.418195,214181.794839;"
265,,"REGION=4,152466.418195,214181.794839,153466.418195,214181.794839,153466.418195,213181.794839,152466.418195,213181.794839,152466.418195,214181.794839;"
266,,"REGION=4,153466.418195,214181.794839,154466.418195,214181.794839,154466.418195,213181.794839,153466.418195,213181.794839,153466.418195,214181.794839;"
267,,"REGION=4,154466.418195,214181.794839,155466.418195,214181.794839,155466.418195,213181.794839,154466.418195,213181.794839,154466.418195,214181.794839;"
268,,"REGION=4,155466.418195,214181.794839,156466.418195,214181.794839,156466.418195,213181.794839,155466.418195,213181.794839,155466.418195,214181.794839;"
269,,"REGION=4,156466.418195,214181.794839,157466.418195,214181.794839,157466.418195,213181.794839,156466.418195,213181.794839,156466.418195,214181.794839;"
270,,"REGION=4,157466.418195,214181.794839,158466.418195,214181.794839,158466.418195,213181.794839,157466.418195,213181.794839,157466.418195,214181.794839;"
271,,"REGION=4,158466.418195,214181.794839,159466.418195,214181.794839,159466.418195,213181.794839,158466.418195,213181.794839,158466.418195,214181.794839;"
272,,"REGION=4,159466.418195,214181.794839,160466.418195,214181.794839,160466.418195,213181.794839,159466.418195,213181.794839,159466.418195,214181.794839;"
273,,"REGION=4,144466.418195,213181.794839,145466.418195,213181.794839,145466.418195,212181.794839,144466.418195,212181.794839,144466.418195,213181.794839;"
274,,"REGION=4,145466.418195,213181.794839,146466.418195,213181.794839,146466.418195,212181.794839,145466.418195,212181.794839,145466.418195,213181.794839;"
275,,"REGION=4,146466.418195,213181.794839,147466.418195,213181.794839,147466.418195,212181.794839,146466.418195,212181.794839,146466.418195,213181.794839;"
276,,"REGION=4,147466.418195,213181.794839,148466.418195,213181.794839,148466.418195,212181.794839,147466.418195,212181.794839,147466.418195,213181.794839;"
277,,"REGION=4,148466.418195,213181.794839,149466.418195,213181.794839,149466.418195,212181.794839,148466.418195,212181.794839,148466.418195,213181.794839;"
278,,"REGION=4,149466.418195,213181.794839,150466.418195,213181.794839,150466.418195,212181.794839,149466.418195,212181.794839,149466.418195,213181.794839;"
279,,"REGION=4,150466.418195,213181.794839,151466.418195,213181.794839,151466.418195,212181.794839,150466.418195,212181.794839,150466.418195,213181.794839;"
280,,"REGION=4,151466.418195,213181.794839,152466.418195,213181.794839,152466.418195,212181.794839,151466.418195,212181.794839,151466.418195,213181.794839;"
281,,"REGION=4,152466.418195,213181.794839,153466.418195,213181.794839,153466.418195,212181.794839,152466.418195,212181.794839,152466.418195,213181.794839;"
282,,"REGION=4,153466.418195,213181.794839,154466.418195,213181.794839,154466.418195,212181.794839,153466.418195,212181.794839,153466.418195,213181.794839;"
283,,"REGION=4,154466.418195,213181.794839,155466.418195,213181.794839,155466.418195,212181.794839,154466.418195,212181.794839,154466.418195,213181.794839;"
284,,"REGION=4,155466.418195,213181.794839,156466.418195,213181.794839,156466.418195,212181.794839,155466.418195,212181.794839,155466.418195,213181.794839;"
285,,"REGION=4,156466.418195,213181.794839,157466.418195,213181.794839,157466.418195,212181.794839,156466.418195,212181.794839,156466.418195,213181.794839;"
286,,"REGION=4,157466.418195,213181.794839,158466.418195,213181.794839,158466.418195,212181.794839,157466.418195,212181.794839,157466.418195,213181.794839;"
287,,"REGION=4,158466.418195,213181.794839,159466.418195,213181.794839,159466.418195,212181.794839,158466.418195,212181.794839,158466.418195,213181.794839;"
288,,"REGION=4,159466.418195,213181.794839,160466.418195,213181.794839,160466.418195,212181.794839,159466.418195,212181.794839,159466.418195,213181.794839;"
289,,"REGION=4,144466.418195,212181.794839,145466.418195,212181.794839,145466.418195,211181.794839,144466.418195,211181.794839,144466.418195,212181.794839;"
290,,"REGION=4,145466.418195,212181.794839,146466.418195,212181.794839,146466.418195,211181.794839,145466.418195,211181.794839,145466.418195,212181.794839;"
291,,"REGION=4,146466.418195,212181.794839,147466.418195,212181.794839,147466.418195,211181.794839,146466.418195,211181.794839,146466.418195,212181.794839;"
292,,"REGION=4,147466.418195,212181.794839,148466.418195,212181.794839,148466.418195,211181.794839,147466.418195,211181.794839,147466.418195,212181.794839;"
293,,"REGION=4,148466.418195,212181.794839,149466.418195,212181.794839,149466.418195,211181.794839,148466.418195,211181.794839,148466.418195,212181.794839;"
294,,"REGION=4,149466.418195,212181.794839,150466.418195,212181.794839,150466.418195,211181.794839,149466.418195,211181.794839,149466.418195,212181.794839;"
295,,"REGION=4,150466.418195,212181.794839,151466.418195,212181.794839,151466.418195,211181.794839,150466.418195,211181.794839,150466.418195,212181.794839;"
296,,"REGION=4,151466.418195,212181.794839,152466.418195,212181.794839,152466.418195,211181.794839,151466.418195,211181.794839,151466.418195,212181.794839;"
297,,"REGION=4,152466.418195,212181.794839,153466.418195,212181.794839,153466.418195,211181.794839,152466.418195,211181.794839,152466.418195,212181.794839;"
298,,"REGION=4,153466.418195,212181.794839,154466.418195,212181.794839,154466.418195,211181.794839,153466.418195,211181.794839,153466.418195,212181.794839;"
299,,"REGION=4,154466.418195,212181.794839,155466.418195,212181.794839,155466.418195,211181.794839,154466.418195,211181.794839,154466.418195,212181.794839;"
300,,"REGION=4,155466.418195,212181.794839,156466.418195,212181.794839,156466.418195,211181.794839,155466.418195,211181.794839,155466.418195,212181.794839;"
301,,"REGION=4,156466.418195,212181.794839,157466.418195,212181.794839,157466.418195,211181.794839,156466.418195,211181.794839,156466.418195,212181.794839;"
302,,"REGION=4,157466.418195,212181.794839,158466.418195,212181.794839,158466.418195,211181.794839,157466.418195,211181.794839,157466.418195,212181.794839;"
303,,"REGION=4,158466.418195,212181.794839,159466.418195,212181.794839,159466.418195,211181.794839,158466.418195,211181.794839,158466.418195,212181.794839;"
304,,"REGION=4,159466.418195,212181.794839,160466.418195,212181.794839,160466.418195,211181.794839,159466.418195,211181.794839,159466.418195,212181.794839;"
305,,"REGION=4,144466.418195,211181.794839,145466.418195,211181.794839,145466.418195,210181.794839,144466.418195,210181.794839,144466.418195,211181.794839;"
306,,"REGION=4,145466.418195,211181.794839,146466.418195,211181.794839,146466.418195,210181.794839,145466.418195,210181.794839,145466.418195,211181.794839;"
307,,"REGION=4,146466.418195,211181.794839,147466.418195,211181.794839,147466.418195,210181.794839,146466.418195,210181.794839,146466.418195,211181.794839;"
308,,"REGION=4,147466.418195,211181.794839,148466.418195,211181.794839,148466.418195,210181.794839,147466.418195,210181.794839,147466.418195,211181.794839;"
309,,"REGION=4,148466.418195,211181.794839,149466.418195,211181.794839,149466.418195,210181.794839,148466.418195,210181.794839,148466.418195,211181.794839;"
310,,"REGION=4,149466.418195,211181.794839,150466.418195,211181.794839,150466.418195,210181.794839,149466.418195,210181.794839,149466.418195,211181.794839;"
311,,"REGION=4,150466.418195,211181.794839,151466.418195,211181.794839,151466.418195,210181.794839,150466.418195,210181.794839,150466.418195,211181.794839;"
312,,"REGION=4,151466.418195,211181.794839,152466.418195,211181.794839,152466.418195,210181.794839,151466.418195,210181.794839,151466.418195,211181.794839;"
313,,"REGION=4,152466.418195,211181.794839,153466.418195,211181.794839,153466.418195,210181.794839,152466.418195,210181.794839,152466.418195,211181.794839;"
314,,"REGION=4,153466.418195,211181.794839,154466.418195,211181.794839,154466.418195,210181.794839,153466.418195,210181.794839,153466.418195,211181.794839;"
315,,"REGION=4,154466.418195,211181.794839,155466.418195,211181.794839,155466.418195,210181.794839,154466.418195,210181.794839,154466.418195,211181.794839;"
316,,"REGION=4,155466.418195,211181.794839,156466.418195,211181.794839,156466.418195,210181.794839,155466.418195,210181.794839,155466.418195,211181.794839;"
317,,"REGION=4,156466.418195,211181.794839,157466.418195,211181.794839,157466.418195,210181.794839,156466.418195,210181.794839,156466.418195,211181.794839;"
318,,"REGION=4,157466.418195,211181.794839,158466.418195,211181.794839,158466.418195,210181.794839,157466.418195,210181.794839,157466.418195,211181.794839;"
319,,"REGION=4,158466.418195,211181.794839,159466.418195,211181.794839,159466.418195,210181.794839,158466.418195,210181.794839,158466.418195,211181.794839;"
320,,"REGION=4,159466.418195,211181.794839,160466.418195,211181.794839,160466.418195,210181.794839,159466.418195,210181.794839,159466.418195,211181.794839;"
321,,"REGION=4,144466.418195,210181.794839,145466.418195,210181.794839,145466.418195,209181.794839,144466.418195,209181.794839,144466.418195,210181.794839;"
322,,"REGION=4,145466.418195,210181.794839,146466.418195,210181.794839,146466.418195,209181.794839,145466.418195,209181.794839,145466.418195,210181.794839;"
323,,"REGION=4,146466.418195,210181.794839,147466.418195,210181.794839,147466.418195,209181.794839,146466.418195,209181.794839,146466.418195,210181.794839;"
324,,"REGION=4,147466.418195,210181.794839,148466.418195,210181.794839,148466.418195,209181.794839,147466.418195,209181.794839,147466.418195,210181.794839;"
325,,"REGION=4,148466.418195,210181.794839,149466.418195,210181.794839,149466.418195,209181.794839,148466.418195,209181.794839,148466.418195,210181.794839;"
326,,"REGION=4,149466.418195,210181.794839,150466.418195,210181.794839,150466.418195,209181.794839,149466.418195,209181.794839,149466.418195,210181.794839;"
327,,"REGION=4,150466.418195,210181.794839,151466.418195,210181.794839,151466.418195,209181.794839,150466.418195,209181.794839,150466.418195,210181.794839;"
328,,"REGION=4,151466.418195,210181.794839,152466.418195,210181.794839,152466.418195,209181.794839,151466.418195,209181.794839,151466.418195,210181.794839;"
329,,"REGION=4,152466.418195,210181.794839,153466.418195,210181.794839,153466.418195,209181.794839,152466.418195,209181.794839,152466.418195,210181.794839;"
330,,"REGION=4,153466.418195,210181.794839,154466.418195,210181.794839,154466.418195,209181.794839,153466.418195,209181.794839,153466.418195,210181.794839;"
331,,"REGION=4,154466.418195,210181.794839,155466.418195,210181.794839,155466.418195,209181.794839,154466.418195,209181.794839,154466.418195,210181.794839;"
332,,"REGION=4,155466.418195,210181.794839,156466.418195,210181.794839,156466.418195,209181.794839,155466.418195,209181.794839,155466.418195,210181.794839;"
333,,"REGION=4,156466.418195,210181.794839,157466.418195,210181.794839,157466.418195,209181.794839,156466.418195,209181.794839,156466.418195,210181.794839;"
334,,"REGION=4,157466.418195,210181.794839,158466.418195,210181.794839,158466.418195,209181.794839,157466.418195,209181.794839,157466.418195,210181.794839;"
335,,"REGION=4,158466.418195,210181.794839,159466.418195,210181.794839,159466.418195,209181.794839,158466.418195,209181.794839,158466.418195,210181.794839;"
336,,"REGION=4,159466.418195,210181.794839,160466.418195,210181.794839,160466.418195,209181.794839,159466.418195,209181.794839,159466.418195,210181.794839;"
337,,"REGION=4,144466.418195,209181.794839,145466.418195,209181.794839,145466.418195,208181.794839,144466.418195,208181.794839,144466.418195,209181.794839;"
338,,"REGION=4,145466.418195,209181.794839,146466.418195,209181.794839,146466.418195,208181.794839,145466.418195,208181.794839,145466.418195,209181.794839;"
339,,"REGION=4,146466.418195,209181.794839,147466.418195,209181.794839,147466.418195,208181.794839,146466.418195,208181.794839,146466.418195,209181.794839;"
340,,"REGION=4,147466.418195,209181.794839,148466.418195,209181.794839,148466.418195,208181.794839,147466.418195,208181.794839,147466.418195,209181.794839;"
341,,"REGION=4,148466.418195,209181.794839,149466.418195,209181.794839,149466.418195,208181.794839,148466.418195,208181.794839,148466.418195,209181.794839;"
342,,"REGION=4,149466.418195,209181.794839,150466.418195,209181.794839,150466.418195,208181.794839,149466.418195,208181.794839,149466.418195,209181.794839;"
343,,"REGION=4,150466.418195,209181.794839,151466.418195,209181.794839,151466.418195,208181.794839,150466.418195,208181.794839,150466.418195,209181.794839;"
344,,"REGION=4,151466.418195,209181.794839,152466.418195,209181.794839,152466.418195,208181.794839,151466.418195,208181.794839,151466.418195,209181.794839;"
345,,"REGION=4,152466.418195,209181.794839,153466.418195,209181.794839,153466.418195,208181.794839,152466.418195,208181.794839,152466.418195,209181.794839;"
346,,"REGION=4,153466.418195,209181.794839,154466.418195,209181.794839,154466.418195,208181.794839,153466.418195,208181.794839,153466.418195,209181.794839;"
347,,"REGION=4,154466.418195,209181.794839,155466.418195,209181.794839,155466.418195,208181.794839,154466.418195,208181.794839,154466.418195,209181.794839;"
348,,"REGION=4,155466.418195,209181.794839,156466.418195,209181.794839,156466.418195,208181.794839,155466.418195,208181.794839,155466.418195,209181.794839;"
349,,"REGION=4,156466.418195,209181.794839,157466.418195,209181.794839,157466.418195,208181.794839,156466.418195,208181.794839,156466.418195,209181.794839;"
350,,"REGION=4,157466.418195,209181.794839,158466.418195,209181.794839,158466.418195,208181.794839,157466.418195,208181.794839,157466.418195,209181.794839;"
351,,"REGION=4,158466.418195,209181.794839,159466.418195,209181.794839,159466.418195,208181.794839,158466.418195,208181.794839,158466.418195,209181.794839;"
352,,"REGION=4,159466.418195,209181.794839,160466.418195,209181.794839,160466.418195,208181.794839,159466.418195,208181.794839,159466.418195,209181.794839;"
353,,"REGION=4,144466.418195,208181.794839,145466.418195,208181.794839,145466.418195,207181.794839,144466.418195,207181.794839,144466.418195,208181.794839;"
354,,"REGION=4,145466.418195,208181.794839,146466.418195,208181.794839,146466.418195,207181.794839,145466.418195,207181.794839,145466.418195,208181.794839;"
355,,"REGION=4,146466.418195,208181.794839,147466.418195,208181.794839,147466.418195,207181.794839,146466.418195,207181.794839,146466.418195,208181.794839;"
356,,"REGION=4,147466.418195,208181.794839,148466.418195,208181.794839,148466.418195,207181.794839,147466.418195,207181.794839,147466.418195,208181.794839;"
357,,"REGION=4,148466.418195,208181.794839,149466.418195,208181.794839,149466.418195,207181.794839,148466.418195,207181.794839,148466.418195,208181.794839;"
358,,"REGION=4,149466.418195,208181.794839,150466.418195,208181.794839,150466.418195,207181.794839,149466.418195,207181.794839,149466.418195,208181.794839;"
359,,"REGION=4,150466.418195,208181.794839,151466.418195,208181.794839,151466.418195,207181.794839,150466.418195,207181.794839,150466.418195,208181.794839;"
360,,"REGION=4,151466.418195,208181.794839,152466.418195,208181.794839,152466.418195,207181.794839,151466.418195,207181.794839,151466.418195,208181.794839;"
361,,"REGION=4,152466.418195,208181.794839,153466.418195,208181.794839,153466.418195,207181.794839,152466.418195,207181.794839,152466.418195,208181.794839;"
362,,"REGION=4,153466.418195,208181.794839,154466.418195,208181.794839,154466.418195,207181.794839,153466.418195,207181.794839,153466.418195,208181.794839;"
363,,"REGION=4,154466.418195,208181.794839,155466.418195,208181.794839,155466.418195,207181.794839,154466.418195,207181.794839,154466.418195,208181.794839;"
364,,"REGION=4,155466.418195,208181.794839,156466.418195,208181.794839,156466.418195,207181.794839,155466.418195,207181.794839,155466.418195,208181.794839;"
365,,"REGION=4,156466.418195,208181.794839,157466.418195,208181.794839,157466.418195,207181.794839,156466.418195,207181.794839,156466.418195,208181.794839;"
366,,"REGION=4,157466.418195,208181.794839,158466.418195,208181.794839,158466.418195,207181.794839,157466.418195,207181.794839,157466.418195,208181.794839;"
367,,"REGION=4,158466.418195,208181.794839,159466.418195,208181.794839,159466.418195,207181.794839,158466.418195,207181.794839,158466.418195,208181.794839;"
368,,"REGION=4,159466.418195,208181.794839,160466.418195,208181.794839,160466.418195,207181.794839,159466.418195,207181.794839,159466.418195,208181.794839;"
369,,"REGION=4,144466.418195,207181.794839,145466.418195,207181.794839,145466.418195,206181.794839,144466.418195,206181.794839,144466.418195,207181.794839;"
370,,"REGION=4,145466.418195,207181.794839,146466.418195,207181.794839,146466.418195,206181.794839,145466.418195,206181.794839,145466.418195,207181.794839;"
371,,"REGION=4,146466.418195,207181.794839,147466.418195,207181.794839,147466.418195,206181.794839,146466.418195,206181.794839,146466.418195,207181.794839;"
372,,"REGION=4,147466.418195,207181.794839,148466.418195,207181.794839,148466.418195,206181.794839,147466.418195,206181.794839,147466.418195,207181.794839;"
373,,"REGION=4,148466.418195,207181.794839,149466.418195,207181.794839,149466.418195,206181.794839,148466.418195,206181.794839,148466.418195,207181.794839;"
374,,"REGION=4,149466.418195,207181.794839,150466.418195,207181.794839,150466.418195,206181.794839,149466.418195,206181.794839,149466.418195,207181.794839;"
375,,"REGION=4,150466.418195,207181.794839,151466.418195,207181.794839,151466.418195,206181.794839,150466.418195,206181.794839,150466.418195,207181.794839;"
376,,"REGION=4,151466.418195,207181.794839,152466.418195,207181.794839,152466.418195,206181.794839,151466.418195,206181.794839,151466.418195,207181.794839;"
377,,"REGION=4,152466.418195,207181.794839,153466.418195,207181.794839,153466.418195,206181.794839,152466.418195,206181.794839,152466.418195,207181.794839;"
378,,"REGION=4,153466.418195,207181.794839,154466.418195,207181.794839,154466.418195,206181.794839,153466.418195,206181.794839,153466.418195,207181.794839;"
379,,"REGION=4,154466.418195,207181.794839,155466.418195,207181.794839,155466.418195,206181.794839,154466.418195,206181.794839,154466.418195,207181.794839;"
380,,"REGION=4,155466.418195,207181.794839,156466.418195,207181.794839,156466.418195,206181.794839,155466.418195,206181.794839,155466.418195,207181.794839;"
381,,"REGION=4,156466.418195,207181.794839,157466.418195,207181.794839,157466.418195,206181.794839,156466.418195,206181.794839,156466.418195,207181.794839;"
382,,"REGION=4,157466.418195,207181.794839,158466.418195,207181.794839,158466.418195,206181.794839,157466.418195,206181.794839,157466.418195,207181.794839;"
383,,"REGION=4,158466.418195,207181.794839,159466.418195,207181.794839,159466.418195,206181.794839,158466.418195,206181.794839,158466.418195,207181.794839;"
384,,"REGION=4,159466.418195,207181.794839,160466.418195,207181.794839,160466.418195,206181.794839,159466.418195,206181.794839,159466.418195,207181.794839;"
385,,"REGION=4,144466.418195,206181.794839,145466.418195,206181.794839,145466.418195,205181.794839,144466.418195,205181.794839,144466.418195,206181.794839;"
386,,"REGION=4,145466.418195,206181.794839,146466.418195,206181.794839,146466.418195,205181.794839,145466.418195,205181.794839,145466.418195,206181.794839;"
387,,"REGION=4,146466.418195,206181.794839,147466.418195,206181.794839,147466.418195,205181.794839,146466.418195,205181.794839,146466.418195,206181.794839;"
388,,"REGION=4,147466.418195,206181.794839,148466.418195,206181.794839,148466.418195,205181.794839,147466.418195,205181.794839,147466.418195,206181.794839;"
389,,"REGION=4,148466.418195,206181.794839,149466.418195,206181.794839,149466.418195,205181.794839,148466.418195,205181.794839,148466.418195,206181.794839;"
390,,"REGION=4,149466.418195,206181.794839,150466.418195,206181.794839,150466.418195,205181.794839,149466.418195,205181.794839,149466.418195,206181.794839;"
391,,"REGION=4,150466.418195,206181.794839,151466.418195,206181.794839,151466.418195,205181.794839,150466.418195,205181.794839,150466.418195,206181.794839;"
392,,"REGION=4,151466.418195,206181.794839,152466.418195,206181.794839,152466.418195,205181.794839,151466.418195,205181.794839,151466.418195,206181.794839;"
393,,"REGION=4,152466.418195,206181.794839,153466.418195,206181.794839,153466.418195,205181.794839,152466.418195,205181.794839,152466.418195,206181.794839;"
394,,"REGION=4,153466.418195,206181.794839,154466.418195,206181.794839,154466.418195,205181.794839,153466.418195,205181.794839,153466.418195,206181.794839;"
395,,"REGION=4,154466.418195,206181.794839,155466.418195,206181.794839,155466.418195,205181.794839,154466.418195,205181.794839,154466.418195,206181.794839;"
396,,"REGION=4,155466.418195,206181.794839,156466.418195,206181.794839,156466.418195,205181.794839,155466.418195,205181.794839,155466.418195,206181.794839;"
397,,"REGION=4,156466.418195,206181.794839,157466.418195,206181.794839,157466.418195,205181.794839,156466.418195,205181.794839,156466.418195,206181.794839;"
398,,"REGION=4,157466.418195,206181.794839,158466.418195,206181.794839,158466.418195,205181.794839,157466.418195,205181.794839,157466.418195,206181.794839;"
399,,"REGION=4,158466.418195,206181.794839,159466.418195,206181.794839,159466.418195,205181.794839,158466.418195,205181.794839,158466.418195,206181.794839;"
400,,"REGION=4,159466.418195,206181.794839,160466.418195,206181.794839,160466.418195,205181.794839,159466.418195,205181.794839,159466.418195,206181.794839;"
401,,"REGION=4,144466.418195,205181.794839,145466.418195,205181.794839,145466.418195,204181.794839,144466.418195,204181.794839,144466.418195,205181.794839;"
402,,"REGION=4,145466.418195,205181.794839,146466.418195,205181.794839,146466.418195,204181.794839,145466.418195,204181.794839,145466.418195,205181.794839;"
403,,"REGION=4,146466.418195,205181.794839,147466.418195,205181.794839,147466.418195,204181.794839,146466.418195,204181.794839,146466.418195,205181.794839;"
404,,"REGION=4,147466.418195,205181.794839,148466.418195,205181.794839,148466.418195,204181.794839,147466.418195,204181.794839,147466.418195,205181.794839;"
405,,"REGION=4,148466.418195,205181.794839,149466.418195,205181.794839,149466.418195,204181.794839,148466.418195,204181.794839,148466.418195,205181.794839;"
406,,"REGION=4,149466.418195,205181.794839,150466.418195,205181.794839,150466.418195,204181.794839,149466.418195,204181.794839,149466.418195,205181.794839;"
407,,"REGION=4,150466.418195,205181.794839,151466.418195,205181.794839,151466.418195,204181.794839,150466.418195,204181.794839,150466.418195,205181.794839;"
408,,"REGION=4,151466.418195,205181.794839,152466.418195,205181.794839,152466.418195,204181.794839,151466.418195,204181.794839,151466.418195,205181.794839;"
409,,"REGION=4,152466.418195,205181.794839,153466.418195,205181.794839,153466.418195,204181.794839,152466.418195,204181.794839,152466.418195,205181.794839;"
410,,"REGION=4,153466.418195,205181.794839,154466.418195,205181.794839,154466.418195,204181.794839,153466.418195,204181.794839,153466.418195,205181.794839;"
411,,"REGION=4,154466.418195,205181.794839,155466.418195,205181.794839,155466.418195,204181.794839,154466.418195,204181.794839,154466.418195,205181.794839;"
412,,"REGION=4,155466.418195,205181.794839,156466.418195,205181.794839,156466.418195,204181.794839,155466.418195,204181.794839,155466.418195,205181.794839;"
413,,"REGION=4,156466.418195,205181.794839,157466.418195,205181.794839,157466.418195,204181.794839,156466.418195,204181.794839,156466.418195,205181.794839;"
414,,"REGION=4,157466.418195,205181.794839,158466.418195,205181.794839,158466.418195,204181.794839,157466.418195,204181.794839,157466.418195,205181.794839;"
415,,"REGION=4,158466.418195,205181.794839,159466.418195,205181.794839,159466.418195,204181.794839,158466.418195,204181.794839,158466.418195,205181.794839;"
416,,"REGION=4,159466.418195,205181.794839,160466.418195,205181.794839,160466.418195,204181.794839,159466.418195,204181.794839,159466.418195,205181.794839;"
417,,"REGION=4,144466.418195,204181.794839,145466.418195,204181.794839,145466.418195,203181.794839,144466.418195,203181.794839,144466.418195,204181.794839;"
418,,"REGION=4,145466.418195,204181.794839,146466.418195,204181.794839,146466.418195,203181.794839,145466.418195,203181.794839,145466.418195,204181.794839;"
419,,"REGION=4,146466.418195,204181.794839,147466.418195,204181.794839,147466.418195,203181.794839,146466.418195,203181.794839,146466.418195,204181.794839;"
420,,"REGION=4,147466.418195,204181.794839,148466.418195,204181.794839,148466.418195,203181.794839,147466.418195,203181.794839,147466.418195,204181.794839;"
421,,"REGION=4,148466.418195,204181.794839,149466.418195,204181.794839,149466.418195,203181.794839,148466.418195,203181.794839,148466.418195,204181.794839;"
422,,"REGION=4,149466.418195,204181.794839,150466.418195,204181.794839,150466.418195,203181.794839,149466.418195,203181.794839,149466.418195,204181.794839;"
423,,"REGION=4,150466.418195,204181.794839,151466.418195,204181.794839,151466.418195,203181.794839,150466.418195,203181.794839,150466.418195,204181.794839;"
424,,"REGION=4,151466.418195,204181.794839,152466.418195,204181.794839,152466.418195,203181.794839,151466.418195,203181.794839,151466.418195,204181.794839;"
425,,"REGION=4,152466.418195,204181.794839,153466.418195,204181.794839,153466.418195,203181.794839,152466.418195,203181.794839,152466.418195,204181.794839;"
426,,"REGION=4,153466.418195,204181.794839,154466.418195,204181.794839,154466.418195,203181.794839,153466.418195,203181.794839,153466.418195,204181.794839;"
427,,"REGION=4,154466.418195,204181.794839,155466.418195,204181.794839,155466.418195,203181.794839,154466.418195,203181.794839,154466.418195,204181.794839;"
428,,"REGION=4,155466.418195,204181.794839,156466.418195,204181.794839,156466.418195,203181.794839,155466.418195,203181.794839,155466.418195,204181.794839;"
429,,"REGION=4,156466.418195,204181.794839,157466.418195,204181.794839,157466.418195,203181.794839,156466.418195,203181.794839,156466.418195,204181.794839;"
430,,"REGION=4,157466.418195,204181.794839,158466.418195,204181.794839,158466.418195,203181.794839,157466.418195,203181.794839,157466.418195,204181.794839;"
431,,"REGION=4,158466.418195,204181.794839,159466.418195,204181.794839,159466.418195,203181.794839,158466.418195,203181.794839,158466.418195,204181.794839;"
432,,"REGION=4,159466.418195,204181.794839,160466.418195,204181.794839,160466.418195,203181.794839,159466.418195,203181.794839,159466.418195,204181.794839;"
433,,"REGION=4,144466.418195,203181.794839,145466.418195,203181.794839,145466.418195,202181.794839,144466.418195,202181.794839,144466.418195,203181.794839;"
434,,"REGION=4,145466.418195,203181.794839,146466.418195,203181.794839,146466.418195,202181.794839,145466.418195,202181.794839,145466.418195,203181.794839;"
435,,"REGION=4,146466.418195,203181.794839,147466.418195,203181.794839,147466.418195,202181.794839,146466.418195,202181.794839,146466.418195,203181.794839;"
436,,"REGION=4,147466.418195,203181.794839,148466.418195,203181.794839,148466.418195,202181.794839,147466.418195,202181.794839,147466.418195,203181.794839;"
437,,"REGION=4,148466.418195,203181.794839,149466.418195,203181.794839,149466.418195,202181.794839,148466.418195,202181.794839,148466.418195,203181.794839;"
438,,"REGION=4,149466.418195,203181.794839,150466.418195,203181.794839,150466.418195,202181.794839,149466.418195,202181.794839,149466.418195,203181.794839;"
439,,"REGION=4,150466.418195,203181.794839,151466.418195,203181.794839,151466.418195,202181.794839,150466.418195,202181.794839,150466.418195,203181.794839;"
440,,"REGION=4,151466.418195,203181.794839,152466.418195,203181.794839,152466.418195,202181.794839,151466.418195,202181.794839,151466.418195,203181.794839;"
441,,"REGION=4,152466.418195,203181.794839,153466.418195,203181.794839,153466.418195,202181.794839,152466.418195,202181.794839,152466.418195,203181.794839;"
442,,"REGION=4,153466.418195,203181.794839,154466.418195,203181.794839,154466.418195,202181.794839,153466.418195,202181.794839,153466.418195,203181.794839;"
443,,"REGION=4,154466.418195,203181.794839,155466.418195,203181.794839,155466.418195,202181.794839,154466.418195,202181.794839,154466.418195,203181.794839;"
444,,"REGION=4,155466.418195,203181.794839,156466.418195,203181.794839,156466.418195,202181.794839,155466.418195,202181.794839,155466.418195,203181.794839;"
445,,"REGION=4,156466.418195,203181.794839,157466.418195,203181.794839,157466.418195,202181.794839,156466.418195,202181.794839,156466.418195,203181.794839;"
446,,"REGION=4,157466.418195,203181.794839,158466.418195,203181.794839,158466.418195,202181.794839,157466.418195,202181.794839,157466.418195,203181.794839;"
447,,"REGION=4,158466.418195,203181.794839,159466.418195,203181.794839,159466.418195,202181.794839,158466.418195,202181.794839,158466.418195,203181.794839;"
448,,"REGION=4,159466.418195,203181.794839,160466.418195,203181.794839,160466.418195,202181.794839,159466.418195,202181.794839,159466.418195,203181.794839;"
449,,"REGION=4,144466.418195,202181.794839,145466.418195,202181.794839,145466.418195,201181.794839,144466.418195,201181.794839,144466.418195,202181.794839;"
450,,"REGION=4,145466.418195,202181.794839,146466.418195,202181.794839,146466.418195,201181.794839,145466.418195,201181.794839,145466.418195,202181.794839;"
451,,"REGION=4,146466.418195,202181.794839,147466.418195,202181.794839,147466.418195,201181.794839,146466.418195,201181.794839,146466.418195,202181.794839;"
452,,"REGION=4,147466.418195,202181.794839,148466.418195,202181.794839,148466.418195,201181.794839,147466.418195,201181.794839,147466.418195,202181.794839;"
453,,"REGION=4,148466.418195,202181.794839,149466.418195,202181.794839,149466.418195,201181.794839,148466.418195,201181.794839,148466.418195,202181.794839;"
454,,"REGION=4,149466.418195,202181.794839,150466.418195,202181.794839,150466.418195,201181.794839,149466.418195,201181.794839,149466.418195,202181.794839;"
455,,"REGION=4,150466.418195,202181.794839,151466.418195,202181.794839,151466.418195,201181.794839,150466.418195,201181.794839,150466.418195,202181.794839;"
456,,"REGION=4,151466.418195,202181.794839,152466.418195,202181.794839,152466.418195,201181.794839,151466.418195,201181.794839,151466.418195,202181.794839;"
457,,"REGION=4,152466.418195,202181.794839,153466.418195,202181.794839,153466.418195,201181.794839,152466.418195,201181.794839,152466.418195,202181.794839;"
458,,"REGION=4,153466.418195,202181.794839,154466.418195,202181.794839,154466.418195,201181.794839,153466.418195,201181.794839,153466.418195,202181.794839;"
459,,"REGION=4,154466.418195,202181.794839,155466.418195,202181.794839,155466.418195,201181.794839,154466.418195,201181.794839,154466.418195,202181.794839;"
460,,"REGION=4,155466.418195,202181.794839,156466.418195,202181.794839,156466.418195,201181.794839,155466.418195,201181.794839,155466.418195,202181.794839;"
461,,"REGION=4,156466.418195,202181.794839,157466.418195,202181.794839,157466.418195,201181.794839,156466.418195,201181.794839,156466.418195,202181.794839;"
462,,"REGION=4,157466.418195,202181.794839,158466.418195,202181.794839,158466.418195,201181.794839,157466.418195,201181.794839,157466.418195,202181.794839;"
463,,"REGION=4,158466.418195,202181.794839,159466.418195,202181.794839,159466.418195,201181.794839,158466.418195,201181.794839,158466.418195,202181.794839;"
464,,"REGION=4,159466.418195,202181.794839,160466.418195,202181.794839,160466.418195,201181.794839,159466.418195,201181.794839,159466.418195,202181.794839;"
465,,"REGION=4,144466.418195,201181.794839,145466.418195,201181.794839,145466.418195,200181.794839,144466.418195,200181.794839,144466.418195,201181.794839;"
466,,"REGION=4,145466.418195,201181.794839,146466.418195,201181.794839,146466.418195,200181.794839,145466.418195,200181.794839,145466.418195,201181.794839;"
467,,"REGION=4,146466.418195,201181.794839,147466.418195,201181.794839,147466.418195,200181.794839,146466.418195,200181.794839,146466.418195,201181.794839;"
468,,"REGION=4,147466.418195,201181.794839,148466.418195,201181.794839,148466.418195,200181.794839,147466.418195,200181.794839,147466.418195,201181.794839;"
469,,"REGION=4,148466.418195,201181.794839,149466.418195,201181.794839,149466.418195,200181.794839,148466.418195,200181.794839,148466.418195,201181.794839;"
470,,"REGION=4,149466.418195,201181.794839,150466.418195,201181.794839,150466.418195,200181.794839,149466.418195,200181.794839,149466.418195,201181.794839;"
471,,"REGION=4,150466.418195,201181.794839,151466.418195,201181.794839,151466.418195,200181.794839,150466.418195,200181.794839,150466.418195,201181.794839;"
472,,"REGION=4,151466.418195,201181.794839,152466.418195,201181.794839,152466.418195,200181.794839,151466.418195,200181.794839,151466.418195,201181.794839;"
473,,"REGION=4,152466.418195,201181.794839,153466.418195,201181.794839,153466.418195,200181.794839,152466.418195,200181.794839,152466.418195,201181.794839;"
474,,"REGION=4,153466.418195,201181.794839,154466.418195,201181.794839,154466.418195,200181.794839,153466.418195,200181.794839,153466.418195,201181.794839;"
475,,"REGION=4,154466.418195,201181.794839,155466.418195,201181.794839,155466.418195,200181.794839,154466.418195,200181.794839,154466.418195,201181.794839;"
476,,"REGION=4,155466.418195,201181.794839,156466.418195,201181.794839,156466.418195,200181.794839,155466.418195,200181.794839,155466.418195,201181.794839;"
477,,"REGION=4,156466.418195,201181.794839,157466.418195,201181.794839,157466.418195,200181.794839,156466.418195,200181.794839,156466.418195,201181.794839;"
478,,"REGION=4,157466.418195,201181.794839,158466.418195,201181.794839,158466.418195,200181.794839,157466.418195,200181.794839,157466.418195,201181.794839;"
479,,"REGION=4,158466.418195,201181.794839,159466.418195,201181.794839,159466.418195,200181.794839,158466.418195,200181.794839,158466.418195,201181.794839;"
480,,"REGION=4,159466.418195,201181.794839,160466.418195,201181.794839,160466.418195,200181.794839,159466.418195,200181.794839,159466.418195,201181.794839;"
481,,"REGION=4,144466.418195,200181.794839,145466.418195,200181.794839,145466.418195,199181.794839,144466.418195,199181.794839,144466.418195,200181.794839;"
482,,"REGION=4,145466.418195,200181.794839,146466.418195,200181.794839,146466.418195,199181.794839,145466.418195,199181.794839,145466.418195,200181.794839;"
483,,"REGION=4,146466.418195,200181.794839,147466.418195,200181.794839,147466.418195,199181.794839,146466.418195,199181.794839,146466.418195,200181.794839;"
484,,"REGION=4,147466.418195,200181.794839,148466.418195,200181.794839,148466.418195,199181.794839,147466.418195,199181.794839,147466.418195,200181.794839;"
485,,"REGION=4,148466.418195,200181.794839,149466.418195,200181.794839,149466.418195,199181.794839,148466.418195,199181.794839,148466.418195,200181.794839;"
486,,"REGION=4,149466.418195,200181.794839,150466.418195,200181.794839,150466.418195,199181.794839,149466.418195,199181.794839,149466.418195,200181.794839;"
487,,"REGION=4,150466.418195,200181.794839,151466.418195,200181.794839,151466.418195,199181.794839,150466.418195,199181.794839,150466.418195,200181.794839;"
488,,"REGION=4,151466.418195,200181.794839,152466.418195,200181.794839,152466.418195,199181.794839,151466.418195,199181.794839,151466.418195,200181.794839;"
489,,"REGION=4,152466.418195,200181.794839,153466.418195,200181.794839,153466.418195,199181.794839,152466.418195,199181.794839,152466.418195,200181.794839;"
490,,"REGION=4,153466.418195,200181.794839,154466.418195,200181.794839,154466.418195,199181.794839,153466.418195,199181.794839,153466.418195,200181.794839;"
491,,"REGION=4,154466.418195,200181.794839,155466.418195,200181.794839,155466.418195,199181.794839,154466.418195,199181.794839,154466.418195,200181.794839;"
492,,"REGION=4,155466.418195,200181.794839,156466.418195,200181.794839,156466.418195,199181.794839,155466.418195,199181.794839,155466.418195,200181.794839;"
493,,"REGION=4,156466.418195,200181.794839,157466.418195,200181.794839,157466.418195,199181.794839,156466.418195,199181.794839,156466.418195,200181.794839;"
494,,"REGION=4,157466.418195,200181.794839,158466.418195,200181.794839,158466.418195,199181.794839,157466.418195,199181.794839,157466.418195,200181.794839;"
495,,"REGION=4,158466.418195,200181.794839,159466.418195,200181.794839,159466.418195,199181.794839,158466.418195,199181.794839,158466.418195,200181.794839;"
496,,"REGION=4,159466.418195,200181.794839,160466.418195,200181.794839,160466.418195,199181.794839,159466.418195,199181.794839,159466.418195,200181.794839;"