RAINFALL

Projection:
EPSG:31370

unit: 
mm/hr

Raingauge polygon:
1,,"REGION=5,112532.4248,192484.2252,112532.4248,192171.8701,104062.1605,192368.0236,104114.2049,194342.2416,108736.9205,194921.2359,112532.4248,192484.2252;",,,,,,,,,,,,
2,,"REGION=5,107178.7586,197031.548,108736.9205,194921.2359,104114.2049,194342.2416,104232.9351,198846.0736,107178.7586,197031.548;",,,,,,,,,,,,
3,,"REGION=5,112532.4248,192484.2252,108736.9205,194921.2359,107178.7586,197031.548,112532.4248,199225.4472,112532.4248,192484.2252;",,,,,,,,,,,,
4,,"REGION=5,111493.0375,198799.5128,107178.7586,197031.548,104232.9351,198846.0736,104247.2658,199389.6856,111493.0375,198799.5128;",,,,,,,,,,,,
5,,"REGION=5,104365.3068,202496.6764,112532.4248,202461.0121,112532.4248,199225.4472,111493.0375,198799.5128,104247.2658,199389.6856,104329.6426,202514.5085,104365.3068,202496.6764;",,,,,,,,,,,,

Radar grid:
1,,"REGION=4,103466.418195,202181.794839,104466.418195,202181.794839,104466.418195,201181.794839,103466.418195,201181.794839,103466.418195,202181.794839;"
2,,"REGION=4,104466.418195,202181.794839,105466.418195,202181.794839,105466.418195,201181.794839,104466.418195,201181.794839,104466.418195,202181.794839;"
3,,"REGION=4,105466.418195,202181.794839,106466.418195,202181.794839,106466.418195,201181.794839,105466.418195,201181.794839,105466.418195,202181.794839;"
4,,"REGION=4,106466.418195,202181.794839,107466.418195,202181.794839,107466.418195,201181.794839,106466.418195,201181.794839,106466.418195,202181.794839;"
5,,"REGION=4,107466.418195,202181.794839,108466.418195,202181.794839,108466.418195,201181.794839,107466.418195,201181.794839,107466.418195,202181.794839;"
6,,"REGION=4,108466.418195,202181.794839,109466.418195,202181.794839,109466.418195,201181.794839,108466.418195,201181.794839,108466.418195,202181.794839;"
7,,"REGION=4,109466.418195,202181.794839,110466.418195,202181.794839,110466.418195,201181.794839,109466.418195,201181.794839,109466.418195,202181.794839;"
8,,"REGION=4,110466.418195,202181.794839,111466.418195,202181.794839,111466.418195,201181.794839,110466.418195,201181.794839,110466.418195,202181.794839;"
9,,"REGION=4,111466.418195,202181.794839,112466.418195,202181.794839,112466.418195,201181.794839,111466.418195,201181.794839,111466.418195,202181.794839;"
10,,"REGION=4,103466.418195,201181.794839,104466.418195,201181.794839,104466.418195,200181.794839,103466.418195,200181.794839,103466.418195,201181.794839;"
11,,"REGION=4,104466.418195,201181.794839,105466.418195,201181.794839,105466.418195,200181.794839,104466.418195,200181.794839,104466.418195,201181.794839;"
12,,"REGION=4,105466.418195,201181.794839,106466.418195,201181.794839,106466.418195,200181.794839,105466.418195,200181.794839,105466.418195,201181.794839;"
13,,"REGION=4,106466.418195,201181.794839,107466.418195,201181.794839,107466.418195,200181.794839,106466.418195,200181.794839,106466.418195,201181.794839;"
14,,"REGION=4,107466.418195,201181.794839,108466.418195,201181.794839,108466.418195,200181.794839,107466.418195,200181.794839,107466.418195,201181.794839;"
15,,"REGION=4,108466.418195,201181.794839,109466.418195,201181.794839,109466.418195,200181.794839,108466.418195,200181.794839,108466.418195,201181.794839;"
16,,"REGION=4,109466.418195,201181.794839,110466.418195,201181.794839,110466.418195,200181.794839,109466.418195,200181.794839,109466.418195,201181.794839;"
17,,"REGION=4,110466.418195,201181.794839,111466.418195,201181.794839,111466.418195,200181.794839,110466.418195,200181.794839,110466.418195,201181.794839;"
18,,"REGION=4,111466.418195,201181.794839,112466.418195,201181.794839,112466.418195,200181.794839,111466.418195,200181.794839,111466.418195,201181.794839;"
19,,"REGION=4,103466.418195,200181.794839,104466.418195,200181.794839,104466.418195,199181.794839,103466.418195,199181.794839,103466.418195,200181.794839;"
20,,"REGION=4,104466.418195,200181.794839,105466.418195,200181.794839,105466.418195,199181.794839,104466.418195,199181.794839,104466.418195,200181.794839;"
21,,"REGION=4,105466.418195,200181.794839,106466.418195,200181.794839,106466.418195,199181.794839,105466.418195,199181.794839,105466.418195,200181.794839;"
22,,"REGION=4,106466.418195,200181.794839,107466.418195,200181.794839,107466.418195,199181.794839,106466.418195,199181.794839,106466.418195,200181.794839;"
23,,"REGION=4,107466.418195,200181.794839,108466.418195,200181.794839,108466.418195,199181.794839,107466.418195,199181.794839,107466.418195,200181.794839;"
24,,"REGION=4,108466.418195,200181.794839,109466.418195,200181.794839,109466.418195,199181.794839,108466.418195,199181.794839,108466.418195,200181.794839;"
25,,"REGION=4,109466.418195,200181.794839,110466.418195,200181.794839,110466.418195,199181.794839,109466.418195,199181.794839,109466.418195,200181.794839;"
26,,"REGION=4,110466.418195,200181.794839,111466.418195,200181.794839,111466.418195,199181.794839,110466.418195,199181.794839,110466.418195,200181.794839;"
27,,"REGION=4,111466.418195,200181.794839,112466.418195,200181.794839,112466.418195,199181.794839,111466.418195,199181.794839,111466.418195,200181.794839;"
28,,"REGION=4,103466.418195,199181.794839,104466.418195,199181.794839,104466.418195,198181.794839,103466.418195,198181.794839,103466.418195,199181.794839;"
29,,"REGION=4,104466.418195,199181.794839,105466.418195,199181.794839,105466.418195,198181.794839,104466.418195,198181.794839,104466.418195,199181.794839;"
30,,"REGION=4,105466.418195,199181.794839,106466.418195,199181.794839,106466.418195,198181.794839,105466.418195,198181.794839,105466.418195,199181.794839;"
31,,"REGION=4,106466.418195,199181.794839,107466.418195,199181.794839,107466.418195,198181.794839,106466.418195,198181.794839,106466.418195,199181.794839;"
32,,"REGION=4,107466.418195,199181.794839,108466.418195,199181.794839,108466.418195,198181.794839,107466.418195,198181.794839,107466.418195,199181.794839;"
33,,"REGION=4,108466.418195,199181.794839,109466.418195,199181.794839,109466.418195,198181.794839,108466.418195,198181.794839,108466.418195,199181.794839;"
34,,"REGION=4,109466.418195,199181.794839,110466.418195,199181.794839,110466.418195,198181.794839,109466.418195,198181.794839,109466.418195,199181.794839;"
35,,"REGION=4,110466.418195,199181.794839,111466.418195,199181.794839,111466.418195,198181.794839,110466.418195,198181.794839,110466.418195,199181.794839;"
36,,"REGION=4,111466.418195,199181.794839,112466.418195,199181.794839,112466.418195,198181.794839,111466.418195,198181.794839,111466.418195,199181.794839;"
37,,"REGION=4,103466.418195,198181.794839,104466.418195,198181.794839,104466.418195,197181.794839,103466.418195,197181.794839,103466.418195,198181.794839;"
38,,"REGION=4,104466.418195,198181.794839,105466.418195,198181.794839,105466.418195,197181.794839,104466.418195,197181.794839,104466.418195,198181.794839;"
39,,"REGION=4,105466.418195,198181.794839,106466.418195,198181.794839,106466.418195,197181.794839,105466.418195,197181.794839,105466.418195,198181.794839;"
40,,"REGION=4,106466.418195,198181.794839,107466.418195,198181.794839,107466.418195,197181.794839,106466.418195,197181.794839,106466.418195,198181.794839;"
41,,"REGION=4,107466.418195,198181.794839,108466.418195,198181.794839,108466.418195,197181.794839,107466.418195,197181.794839,107466.418195,198181.794839;"
42,,"REGION=4,108466.418195,198181.794839,109466.418195,198181.794839,109466.418195,197181.794839,108466.418195,197181.794839,108466.418195,198181.794839;"
43,,"REGION=4,109466.418195,198181.794839,110466.418195,198181.794839,110466.418195,197181.794839,109466.418195,197181.794839,109466.418195,198181.794839;"
44,,"REGION=4,110466.418195,198181.794839,111466.418195,198181.794839,111466.418195,197181.794839,110466.418195,197181.794839,110466.418195,198181.794839;"
45,,"REGION=4,111466.418195,198181.794839,112466.418195,198181.794839,112466.418195,197181.794839,111466.418195,197181.794839,111466.418195,198181.794839;"
46,,"REGION=4,103466.418195,197181.794839,104466.418195,197181.794839,104466.418195,196181.794839,103466.418195,196181.794839,103466.418195,197181.794839;"
47,,"REGION=4,104466.418195,197181.794839,105466.418195,197181.794839,105466.418195,196181.794839,104466.418195,196181.794839,104466.418195,197181.794839;"
48,,"REGION=4,105466.418195,197181.794839,106466.418195,197181.794839,106466.418195,196181.794839,105466.418195,196181.794839,105466.418195,197181.794839;"
49,,"REGION=4,106466.418195,197181.794839,107466.418195,197181.794839,107466.418195,196181.794839,106466.418195,196181.794839,106466.418195,197181.794839;"
50,,"REGION=4,107466.418195,197181.794839,108466.418195,197181.794839,108466.418195,196181.794839,107466.418195,196181.794839,107466.418195,197181.794839;"
51,,"REGION=4,108466.418195,197181.794839,109466.418195,197181.794839,109466.418195,196181.794839,108466.418195,196181.794839,108466.418195,197181.794839;"
52,,"REGION=4,109466.418195,197181.794839,110466.418195,197181.794839,110466.418195,196181.794839,109466.418195,196181.794839,109466.418195,197181.794839;"
53,,"REGION=4,110466.418195,197181.794839,111466.418195,197181.794839,111466.418195,196181.794839,110466.418195,196181.794839,110466.418195,197181.794839;"
54,,"REGION=4,111466.418195,197181.794839,112466.418195,197181.794839,112466.418195,196181.794839,111466.418195,196181.794839,111466.418195,197181.794839;"
55,,"REGION=4,103466.418195,196181.794839,104466.418195,196181.794839,104466.418195,195181.794839,103466.418195,195181.794839,103466.418195,196181.794839;"
56,,"REGION=4,104466.418195,196181.794839,105466.418195,196181.794839,105466.418195,195181.794839,104466.418195,195181.794839,104466.418195,196181.794839;"
57,,"REGION=4,105466.418195,196181.794839,106466.418195,196181.794839,106466.418195,195181.794839,105466.418195,195181.794839,105466.418195,196181.794839;"
58,,"REGION=4,106466.418195,196181.794839,107466.418195,196181.794839,107466.418195,195181.794839,106466.418195,195181.794839,106466.418195,196181.794839;"
59,,"REGION=4,107466.418195,196181.794839,108466.418195,196181.794839,108466.418195,195181.794839,107466.418195,195181.794839,107466.418195,196181.794839;"
60,,"REGION=4,108466.418195,196181.794839,109466.418195,196181.794839,109466.418195,195181.794839,108466.418195,195181.794839,108466.418195,196181.794839;"
61,,"REGION=4,109466.418195,196181.794839,110466.418195,196181.794839,110466.418195,195181.794839,109466.418195,195181.794839,109466.418195,196181.794839;"
62,,"REGION=4,110466.418195,196181.794839,111466.418195,196181.794839,111466.418195,195181.794839,110466.418195,195181.794839,110466.418195,196181.794839;"
63,,"REGION=4,111466.418195,196181.794839,112466.418195,196181.794839,112466.418195,195181.794839,111466.418195,195181.794839,111466.418195,196181.794839;"
64,,"REGION=4,103466.418195,195181.794839,104466.418195,195181.794839,104466.418195,194181.794839,103466.418195,194181.794839,103466.418195,195181.794839;"
65,,"REGION=4,104466.418195,195181.794839,105466.418195,195181.794839,105466.418195,194181.794839,104466.418195,194181.794839,104466.418195,195181.794839;"
66,,"REGION=4,105466.418195,195181.794839,106466.418195,195181.794839,106466.418195,194181.794839,105466.418195,194181.794839,105466.418195,195181.794839;"
67,,"REGION=4,106466.418195,195181.794839,107466.418195,195181.794839,107466.418195,194181.794839,106466.418195,194181.794839,106466.418195,195181.794839;"
68,,"REGION=4,107466.418195,195181.794839,108466.418195,195181.794839,108466.418195,194181.794839,107466.418195,194181.794839,107466.418195,195181.794839;"
69,,"REGION=4,108466.418195,195181.794839,109466.418195,195181.794839,109466.418195,194181.794839,108466.418195,194181.794839,108466.418195,195181.794839;"
70,,"REGION=4,109466.418195,195181.794839,110466.418195,195181.794839,110466.418195,194181.794839,109466.418195,194181.794839,109466.418195,195181.794839;"
71,,"REGION=4,110466.418195,195181.794839,111466.418195,195181.794839,111466.418195,194181.794839,110466.418195,194181.794839,110466.418195,195181.794839;"
72,,"REGION=4,111466.418195,195181.794839,112466.418195,195181.794839,112466.418195,194181.794839,111466.418195,194181.794839,111466.418195,195181.794839;"
73,,"REGION=4,103466.418195,194181.794839,104466.418195,194181.794839,104466.418195,193181.794839,103466.418195,193181.794839,103466.418195,194181.794839;"
74,,"REGION=4,104466.418195,194181.794839,105466.418195,194181.794839,105466.418195,193181.794839,104466.418195,193181.794839,104466.418195,194181.794839;"
75,,"REGION=4,105466.418195,194181.794839,106466.418195,194181.794839,106466.418195,193181.794839,105466.418195,193181.794839,105466.418195,194181.794839;"
76,,"REGION=4,106466.418195,194181.794839,107466.418195,194181.794839,107466.418195,193181.794839,106466.418195,193181.794839,106466.418195,194181.794839;"
77,,"REGION=4,107466.418195,194181.794839,108466.418195,194181.794839,108466.418195,193181.794839,107466.418195,193181.794839,107466.418195,194181.794839;"
78,,"REGION=4,108466.418195,194181.794839,109466.418195,194181.794839,109466.418195,193181.794839,108466.418195,193181.794839,108466.418195,194181.794839;"
79,,"REGION=4,109466.418195,194181.794839,110466.418195,194181.794839,110466.418195,193181.794839,109466.418195,193181.794839,109466.418195,194181.794839;"
80,,"REGION=4,110466.418195,194181.794839,111466.418195,194181.794839,111466.418195,193181.794839,110466.418195,193181.794839,110466.418195,194181.794839;"
81,,"REGION=4,111466.418195,194181.794839,112466.418195,194181.794839,112466.418195,193181.794839,111466.418195,193181.794839,111466.418195,194181.794839;"
82,,"REGION=4,103466.418195,193181.794839,104466.418195,193181.794839,104466.418195,192181.794839,103466.418195,192181.794839,103466.418195,193181.794839;"
83,,"REGION=4,104466.418195,193181.794839,105466.418195,193181.794839,105466.418195,192181.794839,104466.418195,192181.794839,104466.418195,193181.794839;"
84,,"REGION=4,105466.418195,193181.794839,106466.418195,193181.794839,106466.418195,192181.794839,105466.418195,192181.794839,105466.418195,193181.794839;"
85,,"REGION=4,106466.418195,193181.794839,107466.418195,193181.794839,107466.418195,192181.794839,106466.418195,192181.794839,106466.418195,193181.794839;"
86,,"REGION=4,107466.418195,193181.794839,108466.418195,193181.794839,108466.418195,192181.794839,107466.418195,192181.794839,107466.418195,193181.794839;"
87,,"REGION=4,108466.418195,193181.794839,109466.418195,193181.794839,109466.418195,192181.794839,108466.418195,192181.794839,108466.418195,193181.794839;"
88,,"REGION=4,109466.418195,193181.794839,110466.418195,193181.794839,110466.418195,192181.794839,109466.418195,192181.794839,109466.418195,193181.794839;"
89,,"REGION=4,110466.418195,193181.794839,111466.418195,193181.794839,111466.418195,192181.794839,110466.418195,192181.794839,110466.418195,193181.794839;"
90,,"REGION=4,111466.418195,193181.794839,112466.418195,193181.794839,112466.418195,192181.794839,111466.418195,192181.794839,111466.418195,193181.794839;"
